    day   time   temp    humid  presur    wind   wdir    rain    int     skow    pasq
    
     1    1.00     8.2    83.5   998.6     3.1    106     0.0     0.0     5.5     5.0
     1    2.00     6.6    82.2   998.1     3.8      0     0.0     0.0     3.0     5.0
     1    3.00     7.1    85.1   997.1     4.3     25     0.0     0.0    15.3     5.0
     1    4.00     9.2    69.8   995.5     3.9      8     0.0     0.0     9.1     5.0
     1    5.01     8.2    74.5   994.6     5.4      5     0.0     0.0     5.5     4.5
     1    6.00     7.5    77.5   994.1     4.5    348     0.0     0.0    12.7     5.0
     1    7.00     5.7    77.9   994.0     3.4    320     0.0     0.0     6.2     5.0
     1    8.00     4.8    85.7   994.1     3.0    329     0.0     0.0     3.7     4.5
     1    9.00     4.6    85.7   993.9     2.7    309     0.0     0.0     6.4     5.0
     1   10.00     5.4    87.5   994.1     2.3    281     0.0     0.0     7.1     5.0
     1   11.00     6.3    87.9   993.8     1.4    258     0.0     0.0    15.6     4.0
     1   12.00     6.8    87.5   993.1     1.0      8     0.0     0.0    19.8     2.0
     1   13.00     6.7    86.5   992.4     1.1    120     0.0     0.0     9.2     5.0
     1   14.00     7.3    84.6   991.5     3.5    126     0.0     0.0     6.2     5.0
     1   15.00     8.1    80.4   991.8     1.1    258     0.0     0.0     9.3     2.5
     1   16.00     8.0    78.7   991.8     2.3     16     0.0     0.0     5.1     5.0
     1   17.00     7.1    86.9   992.0     2.8      2     0.0     0.4     5.7     4.5
     1   18.00     6.9    87.6   992.3     3.4    137     0.0     0.0    18.0     4.5
     1   19.01     6.5    89.0   993.2     1.3     36     0.0     0.0    12.5     5.5
     1   21.00     6.0    90.8   993.2     3.4    146     0.0     0.0     4.6     5.0
     1   22.01     5.7    89.2   993.2     1.8    182     0.0     0.0     8.2     5.5
     1   23.00     5.5    88.9   993.5     1.5    115     0.1     0.8     6.6     5.5
     1   24.00     6.3    89.8   993.4     2.4    278     1.2     0.4     4.9     5.5
     2    1.00     5.9    87.8   993.4     2.5     78     0.0     0.0     8.3     5.5
     2    2.00     6.1    87.2   993.1     1.3     28     0.0     0.0    15.4     5.5
     2    3.00     5.6    87.0   993.4     3.6     33     0.0     0.0    18.5     5.0
     2    4.00     5.9    87.0   993.0     2.4    163     0.0     0.0     5.3     5.5
     2    5.00     6.2    87.1   992.6     2.0    174     0.0     0.0     6.6     5.5
     2    6.00     6.2    85.6   993.1     2.9    208     0.1     0.4    12.0     5.5
     2    7.01     6.7    86.3   993.5     3.2    188     0.6     0.4     4.7     5.0
     2    8.00     7.8    75.7   994.0     5.1    233     0.8     0.0     4.8     5.0
     2    9.00     7.7    75.9   994.8     3.1    225     0.8     0.0     5.0     5.0
     2   10.00     8.0    77.2   995.7     7.3    230     1.0     1.2     5.8     4.0
     2   11.00     9.0    70.3   995.9     6.7    236     1.0     0.0     5.0     5.0
     2   12.00     9.6    58.4   996.3     8.8    236     1.0     0.0     6.4     4.0
     2   13.01    10.1    55.1   996.6     9.2    244     1.0     0.0     6.0     4.0
     2   14.00     9.2    57.6   997.2     9.0    292     1.0     0.0     5.3     4.0
     2   15.00     8.9    62.7   997.9     9.2    255     1.0     0.0     4.8     4.0
     2   16.00     8.5    63.8   999.1     8.4    253     1.4     0.0     5.7     4.0
     2   17.00     8.7    55.6   999.9     8.6    250     1.5     0.4     7.8     4.5
     2   18.00     7.4    55.5  1000.7     8.9    250     1.5     0.0     6.1     4.0
     2   19.00     7.2    56.3  1001.7     7.7    241     1.5     0.0     5.6     4.5
     2   20.00     7.0    58.2  1002.3     5.0    233     1.5     0.0     6.7     4.5
     2   21.00     6.9    57.6  1002.8     6.0    241     1.5     0.0     4.8     4.5
     2   22.00     6.8    58.6  1003.5     6.9    244     1.5     0.0     6.0     4.5
     2   23.00     7.1    55.5  1003.8     6.5    253     1.5     0.0     5.2     4.5
     2   24.00     7.0    57.0  1004.2     5.7    244     1.5     0.0     6.6     4.5
     3    1.00     6.8    62.2  1004.4     5.6    247     0.0     0.0     8.0     5.0
     3    2.00     6.6    62.7  1004.8     5.2    247     0.0     0.0     5.8     5.0
     3    3.00     6.2    63.9  1005.3     5.8    306     0.0     0.0     4.9     4.0
     3    4.00     4.0    69.8  1006.3     9.9    312     0.3     0.4     5.3     4.0
     3    5.00     1.9    77.5  1007.7     8.0    264     0.6     0.4     4.2     4.0
     3    6.01     1.2    82.7  1008.7     8.5    261     0.9     0.0     4.0     4.0
     3    7.00     0.8    84.3  1009.7     7.5    278     1.1     0.0     5.2     4.0
     3    8.00     0.5    87.0  1010.6     7.4    264     1.5     0.0     4.1     4.0
     3    9.00     0.3    87.3  1011.4     6.2    320     1.8     0.0     6.8     4.0
     3   10.00     0.3    85.9  1012.3     4.8    275     1.8     0.0     6.4     5.0
     3   11.00     0.7    76.6  1012.7     5.8    255     1.8     0.0     5.6     5.0
     3   12.00     0.5    77.6  1012.6     7.4    255     1.8     0.0     4.1     5.0
     3   13.00     0.7    74.7  1012.3     8.7    241     1.8     0.0     4.2     4.5
     3   14.00     0.4    79.1  1012.7     7.3    289     1.8     0.0     5.2     4.0
     3   15.01     0.1    86.9  1013.2     8.4    253     1.8     0.0     6.5     4.0
     3   16.00     0.0    79.5  1013.8     9.4    253     1.8     0.0     4.6     4.5
     3   17.00     0.2    64.4  1013.7     8.8    286     1.8     0.0     5.2     4.0
     3   18.00     0.4    56.0  1014.2     8.2    284     1.8     0.0     6.1     4.0
     3   19.00     0.6    50.8  1014.6     9.4    289     1.8     0.0     5.4     4.0
     3   20.00     0.2    48.2  1014.9     6.5    275     1.8     0.0     3.7     4.0
     3   21.00     0.0    48.7  1015.2     9.5    295     1.8     0.0     5.0     4.0
     3   22.00    -0.3    52.4  1015.6     9.3    236     1.8     0.0     5.5     4.0
     3   23.00    -0.2    50.4  1015.8     9.8    236     1.8     0.0     5.3     4.0
     3   24.00    -0.1    45.9  1016.3     6.2    267     1.8     0.0     6.2     4.0
     4    1.00    -0.3    45.5  1016.8     9.8    292     0.0     0.0     4.7     4.0
     4    2.01    -0.3    48.0  1017.2     9.4    289     0.0     0.0     5.0     4.0
     4    3.01    -0.5    45.5  1018.2     6.0    272     0.0     0.0     4.6     4.0
     4    4.01    -0.5    42.3  1018.8     9.6    300     0.0     0.0     5.1     4.0
     4    5.00    -0.9    40.5  1019.0     4.5    272     0.0     0.0     7.1     4.0
     4    6.00    -1.5    42.8  1019.5     8.5    295     0.0     0.0     5.9     4.0
     4    7.00    -2.2    47.2  1020.2     7.0    247     0.0     0.0     8.9     4.5
     4    8.00    -2.8    51.0  1020.6     5.1    239     0.0     0.0     5.4     4.5
     4    9.00    -1.7    45.8  1021.1     6.4    258     0.0     0.0     5.1     4.5
     4   10.00    -0.1    37.9  1021.7     6.5    309     0.0     0.0     4.9     4.5
     4   11.00     0.6    34.0  1021.7     9.1    258     0.0     0.0     5.1     4.0
     4   12.00     1.2    30.9  1021.6     7.3    275     0.0     0.0     5.5     4.0
     4   13.00     1.5    30.7  1021.2     6.6    258     0.0     0.0     3.7     4.5
     4   14.00     2.0    29.3  1021.1     5.8    317     0.0     0.0     5.4     4.0
     4   15.00     2.5    28.9  1021.0     4.0    284     0.0     0.0     6.9     4.5
     4   16.00     1.8    30.7  1021.1     3.2    300     0.0     0.0     5.9     5.0
     4   17.00     0.4    36.7  1021.5     2.4     30     0.0     0.0     2.0     5.5
     4   18.00    -1.0    47.9  1021.5     2.9     33     0.0     0.0     5.7     5.5
     4   19.00    -1.0    50.0  1022.1     3.7     39     0.0     0.0     9.1     4.5
     4   20.00    -1.5    56.5  1022.4     3.6     92     0.0     0.0     5.6     5.0
     4   21.00    -2.2    61.4  1022.2     4.0     11     0.0     0.0     5.9     5.0
     4   22.00    -2.6    64.0  1022.3     3.5     95     0.0     0.0    10.0     4.5
     4   23.00    -2.9    62.4  1022.1     4.6     36     0.0     0.0     6.9     4.5
     4   24.00    -3.2    64.3  1021.7     4.0     14     0.0     0.0     4.6     4.5
     5    1.00    -3.6    66.8  1021.5     4.4      5     0.0     0.0     6.2     4.5
     5    2.00    -3.9    69.6  1021.2     4.7      5     0.0     0.0     8.8     5.0
     5    3.00    -3.4    67.1  1020.9     4.6     98     0.0     0.0     4.7     4.5
     5    4.00    -3.7    67.0  1020.8     4.7    101     0.0     0.0     5.6     4.5
     5    5.00    -4.2    67.5  1020.4     5.5     19     0.0     0.0     6.1     4.5
     5    6.01    -3.9    65.2  1020.0     5.2     36     0.0     0.0     8.1     4.5
     5    7.00    -3.9    65.3  1020.5     3.8     16     0.0     0.0     5.0     4.5
     5    8.00    -4.4    67.4  1020.0     3.9     22     0.0     0.0    10.7     4.5
     5    9.00    -4.1    66.8  1019.9     3.8      8     0.0     0.0    10.6     5.0
     5   10.00    -4.1    67.7  1019.7     3.9     14     0.0     0.0     5.7     5.0
     5   11.00    -3.6    63.6  1019.3     3.8     22     0.0     0.0     4.7     5.0
     5   12.00    -3.2    63.9  1018.7     3.5     30     0.0     0.0     7.0     4.5
     5   13.00    -2.7    61.7  1017.9     3.4     45     0.0     0.0     5.7     5.0
     5   14.00    -2.2    60.1  1017.1     4.2     30     0.0     0.0     4.1     5.0
     5   15.00    -2.2    62.6  1016.9     2.6     22     0.0     0.0     3.6     5.5
     5   16.00    -2.3    70.6  1016.9     3.4     50     0.3     0.4     6.1     5.5
     5   17.00    -2.3    74.1  1016.4     4.0     50     0.9     0.4     3.7     5.5
     5   18.00    -2.3    73.0  1016.1     3.4     95     1.3     0.4     3.3     5.5
     5   19.00    -2.1    72.8  1015.8     2.6    104     2.0     0.0    14.3     5.5
     5   20.00    -2.1    71.6  1015.4     2.5     95     2.3     0.4     1.0     5.5
     5   21.00    -2.2    71.0  1015.0     2.2     14     2.5     0.0     3.9     5.5
     5   22.00    -2.2    72.7  1014.5     2.9     19     2.6     0.0     5.7     5.0
     5   23.00    -2.1    70.2  1014.2     2.6     11     2.6     0.0     4.8     5.5
     5   24.00    -2.1    67.8  1014.0     1.0    343     2.6     0.0     5.5     5.5
     6    1.00    -2.0    69.2  1013.2     2.0     19     0.0     0.0     5.4     5.5
     6    2.00    -2.2    69.6  1012.4     2.3     90     0.0     0.0     6.2     5.0
     6    3.00    -2.2    68.7  1011.5     2.5    101     0.0     0.0     7.4     5.5
     6    4.01    -2.2    67.8  1011.0     1.0    331     0.0     0.0    12.1     5.5
     6    5.00    -2.3    67.8  1010.3     1.0    157     0.0     0.0     4.4     5.5
     6    6.00    -2.3    68.7  1009.4     1.3    222     0.0     0.0     6.1     5.5
     6    7.00    -2.5    69.0  1008.9     1.0    222     0.0     0.0    18.2     5.5
     6    8.00    -2.2    70.1  1008.8     2.4    132     0.0     0.0     8.9     5.5
     6    9.00    -2.0    69.2  1007.8     2.6    149     0.0     0.0     8.2     3.5
     6   10.00    -1.4    65.2  1007.9     2.2    230     0.0     0.0     9.5     5.0
     6   11.00    -1.2    64.1  1007.7     2.1    241     0.0     0.0    20.3     3.5
     6   12.00    -0.9    61.4  1007.4     2.9    303     0.0     0.0     5.4     5.5
     6   13.01    -0.9    66.0  1006.8     3.2    300     0.0     0.0     6.6     5.0
     6   14.00    -0.4    64.4  1006.6     2.9    258     0.0     0.0     4.9     5.0
     6   15.00     0.4    61.0  1006.5     1.8    253     0.0     0.0     7.4     5.0
     6   16.00    -0.5    65.2  1006.6     2.2    213     0.0     0.0     5.1     4.5
     6   17.00    -0.8    67.5  1006.6     2.8    126     0.0     0.0     5.4     4.5
     6   18.00    -1.0    68.8  1006.5     2.6    219     0.0     0.0     9.5     4.5
     6   19.00    -1.0    69.9  1007.2     3.0    222     0.0     0.0     5.7     5.0
     6   20.00    -0.9    70.1  1006.9     2.1    219     0.0     0.0     9.8     5.5
     6   21.00    -0.8    70.2  1007.1     1.8    222     0.0     0.0    15.4     5.5
     6   22.00    -1.7    71.8  1006.9     2.3    219     0.0     0.0     4.6     5.5
     6   23.01    -1.6    72.4  1007.4     2.0    233     0.0     0.0     5.6     5.5
     6   24.00    -1.4    71.8  1007.6     1.8    196     0.0     0.0     7.1     5.5
     7    1.00    -1.7    72.2  1007.8     2.4    247     0.0     0.0     5.5     5.0
     7    2.00    -1.7    72.7  1008.0     2.3    129     0.0     0.0     5.7     5.5
     7    3.00    -1.2    72.6  1008.5     2.2    149     0.0     0.0     5.1     5.5
     7    4.00    -1.0    73.8  1009.5     3.0    233     0.0     0.0     8.2     5.0
     7    5.00    -0.6    74.7  1009.6     2.7    123     0.0     0.0     4.8     5.5
     7    6.00    -0.2    77.6  1009.7     2.0    222     0.3     0.0    19.6     5.5
     7    7.00     0.5    75.7  1010.5     1.9    210     0.3     0.0     7.6     5.5
     7    8.00     0.7    75.9  1010.4     3.4    157     0.3     0.0     5.1     5.0
     7    9.01     1.1    74.8  1010.9     3.1    177     0.3     0.0     6.6     3.5
     7   10.00     2.4    72.5  1011.4     2.1    157     0.3     0.0    16.8     4.5
     7   11.00     3.5    67.4  1011.2     2.7     92     0.3     0.0    13.5     4.5
     7   12.00     4.5    60.4  1010.6     2.9    343     0.3     0.0     6.2     5.0
     7   13.00     3.6    66.2  1010.3     3.9    345     0.3     0.0     4.2     5.5
     7   14.00     3.7    68.1  1010.3     3.7    331     0.4     0.0     4.2     5.0
     7   15.00     3.5    72.3  1010.6     4.2    317     0.4     0.0     4.5     5.5
     7   16.00     3.1    75.3  1011.8     3.4    300     0.4     0.4     3.7     5.5
     7   17.00     2.7    77.1  1011.8     1.6    326     0.5     0.0     3.0     5.0
     7   18.01     1.8    79.1  1012.6     1.8    244     0.8     0.0    14.8     3.0
     7   19.00     1.7    80.3  1013.9     2.6    295     0.9     0.0    14.5     5.5
     7   20.00     1.8    84.6  1016.2     5.8    278     0.9     0.0     7.7     4.5
     7   21.00     1.2    82.0  1016.2     2.2    174     0.9     0.0     4.4     5.5
     7   22.00     0.9    83.1  1017.1     3.7    213     0.9     0.0     5.6     4.5
     7   23.00     0.8    82.3  1017.7     3.3    216     0.9     0.0     4.9     5.0
     7   24.00     0.7    82.8  1018.2     2.5    154     0.9     0.0     5.0     5.5
     8    1.00     0.9    82.5  1018.1     2.6    132     0.0     0.0     4.1     5.0
     8    2.01     0.7    82.1  1018.5     2.7    222     0.0     0.0     3.2     5.5
     8    3.01    -0.1    80.4  1018.8     1.9    123     0.0     0.0    24.2     5.5
     8    4.00     0.5    74.9  1018.9     2.5     28     0.0     0.0     7.3     5.5
     8    5.00     0.0    77.0  1018.4     3.0     19     0.0     0.0     3.2     5.5
     8    6.01     0.0    81.5  1018.3     3.2     33     0.0     0.0     1.7     5.5
     8    7.00     1.3    85.0  1018.2     4.2    334     0.0     0.0     6.1     4.5
     8    8.00     0.5    86.3  1018.6     4.4    348     0.0     0.0     6.6     5.0
     8    9.00     0.8    85.1  1018.8     3.9    334     0.0     0.0     3.3     5.0
     8   10.00     1.5    84.4  1018.6     3.4    354     0.0     0.0     6.9     5.0
     8   11.01     2.1    82.7  1019.0     2.4    309     0.0     0.0     9.0     4.0
     8   12.00     2.9    83.3  1018.3     1.3    354     0.0     0.0    16.3     3.5
     8   13.01     3.2    80.4  1017.8     2.6    312     0.0     0.0     9.6     5.0
     8   14.00     3.1    80.4  1017.3     2.2    261     0.0     0.0    10.6     3.5
     8   15.00     2.9    80.7  1016.7     2.0    315     0.0     0.0    18.4     4.0
     8   16.00     2.7    79.5  1016.4     2.6    281     0.0     0.0     2.6     5.0
     8   17.01     2.2    81.6  1016.2     1.5    306     0.0     0.0    21.6     3.0
     8   18.00     2.2    82.5  1016.0     2.0    210     0.0     0.0    10.6     3.5
     8   19.00     1.8    82.9  1015.7     1.3    137     0.0     0.0     9.9     5.5
     8   20.00     1.5    84.5  1015.4     1.0    123     0.0     0.0    16.6     5.5
     8   21.00     1.6    85.9  1015.2     2.5    345     0.0     0.0     9.8     5.5
     8   22.01     2.2    88.6  1014.6     1.4    337     0.0     0.0    12.0     5.5
     8   23.00     2.1    87.2  1015.0     2.8     22     0.0     0.0    16.0     5.5
     8   24.00     1.9    87.5  1014.3     1.3     73     0.0     0.0    13.1     5.5
     9    1.00     3.0    88.0  1014.1     1.5    210     0.0     0.0    16.4     5.5
     9    2.00     3.9    89.5  1013.9     3.3     45     0.0     0.0     8.5     5.0
     9    3.00     3.9    90.7  1013.5     2.3     98     0.0     0.0     7.9     5.5
     9    4.01     3.4    88.5  1013.3     1.0    210     0.0     0.0    31.4     5.5
     9    5.01     3.2    88.3  1013.2     1.9    216     0.0     0.0    18.2     5.5
     9    8.01     1.8    86.9  1012.7     1.9    253     0.0     0.0     7.2     5.5
     9    9.00     2.0    87.4  1012.4     1.7    188     0.0     0.0     5.3     5.0
     9   10.01     2.8    87.4  1012.0     1.4    202     0.0     0.0     5.3     4.5
     9   11.00     3.1    87.3  1011.7     1.0    208     0.0     0.0     5.7     5.0
     9   12.00     2.9    87.8  1011.3     3.4    236     0.0     0.0     5.3     5.5
     9   13.00     3.2    87.1  1010.8     2.4    289     0.0     0.0     4.2     5.0
     9   14.00     3.6    87.2  1009.9     2.4    315     0.0     0.0    25.3     2.5
     9   15.01     3.7    87.2  1009.2     1.8    171     0.0     0.0    11.8     4.0
     9   16.01     3.8    87.1  1009.5     2.3    216     0.0     0.0    13.8     3.5
     9   17.00     3.4    86.6  1009.2     1.3    225     0.0     0.0    12.4     4.0
     9   18.00     3.4    86.7  1008.7     1.3    213     0.0     0.0    26.9     3.0
     9   19.00     2.8    85.4  1008.9     3.1    230     0.0     0.0     5.7     5.0
     9   20.00     2.5    85.8  1008.6     2.3    241     0.0     0.0     6.6     5.0
     9   21.00     2.8    85.8  1007.9     1.4    272     0.0     0.0    12.9     5.5
     9   22.00     2.4    85.5  1007.9     2.6    219     0.0     0.0     5.7     5.5
     9   23.00     2.4    85.3  1007.3     3.1    205     0.0     0.0     8.1     5.0
     9   24.00     1.8    85.7  1007.1     2.2    334     0.0     0.0    24.1     5.5
    10    1.00     2.1    88.8  1008.0     5.9    278     0.0     0.0     5.7     4.0
    10    3.00     2.9    86.5  1008.4     3.7    320     0.0     0.0     9.7     5.0
    10    4.00     2.8    85.8  1008.0     3.3    202     0.0     0.0     6.4     5.0
    10    5.00     2.5    86.1  1008.2     3.7    188     0.0     0.0     8.2     4.5
    10    6.00     2.5    85.4  1008.4     3.4    154     0.0     0.0     4.8     5.0
    10    7.00     2.9    85.0  1008.2     2.9    140     0.0     0.0     5.0     5.0
    10    8.00     3.2    84.8  1008.4     2.4    135     0.0     0.0     5.7     5.5
    10    9.00     3.8    84.9  1008.8     1.2    354     0.0     0.0    10.2     4.0
    10   10.00     3.7    84.1  1008.8     2.4      8     0.0     0.0     5.5     4.5
    10   11.00     3.7    84.0  1008.6     3.4    309     0.0     0.0     7.3     5.0
    10   12.00     4.7    83.5  1008.2     2.4    284     0.0     0.0    16.0     4.0
    10   13.00     4.5    84.1  1007.1     2.7    320     0.0     0.0     7.7     4.5
    10   14.00     3.5    84.2  1006.4     4.6    303     0.0     0.0     5.7     5.0
    10   15.00     3.5    86.7  1006.3     4.0    306     0.0     0.0     3.3     5.5
    10   16.00     3.8    87.1  1006.2     4.3    306     0.0     0.0     3.0     5.5
    10   17.00     4.0    86.6  1006.1     3.9    289     0.0     0.0     4.7     5.5
    10   18.00     4.2    85.6  1006.7     5.0    267     0.0     0.0     5.2     4.5
    10   19.00     3.9    85.2  1006.9     1.5    250     0.0     0.0     6.4     5.5
    10   20.00     3.0    85.8  1006.5     3.0    300     0.0     0.0     4.9     5.0
    10   21.00     2.7    85.4  1007.4     3.7    275     0.0     0.0     9.9     5.0
    10   22.00     3.2    85.2  1007.3     4.2    284     0.0     0.0    25.3     5.0
    10   23.00     3.0    85.0  1007.5     1.6    272     0.0     0.0     7.9     5.5
    10   24.00     2.4    84.6  1007.5     2.7    140     0.0     0.0     4.8     5.5
    11    1.00     1.9    84.4  1007.5     3.6    140     0.0     0.0     5.3     5.0
    11    2.00     1.2    84.1  1007.9     2.8    210     0.0     0.0     9.0     5.5
    11    3.00     0.8    83.5  1008.2     3.5    199     0.0     0.0     4.6     5.0
    11    4.00     1.4    83.4  1008.4     8.0    239     0.0     0.0     4.2     4.5
    11    5.00     2.4    84.1  1008.8     9.2    239     0.0     0.0     6.3     4.5
    11    6.00     4.1    80.1  1009.2     8.7    236     0.0     0.0     7.0     4.5
    11    7.00     4.9    71.0  1009.6     8.7    244     0.0     0.0     6.2     4.0
    11    8.00     5.7    64.8  1010.6     9.8    241     0.0     0.0     4.6     4.0
    11    9.00     6.8    56.8  1011.0     9.0    289     0.0     0.0     4.9     4.0
    11   10.00     7.5    57.1  1011.6     9.7    241     0.0     0.0     4.4     4.0
    11   11.00     8.5    50.1  1011.7     8.2    289     0.0     0.0     5.2     4.0
    11   12.00    10.0    43.8  1011.2     9.0    289     0.0     0.0     5.3     4.0
    11   13.00    10.5    37.4  1010.9     9.3    292     0.0     0.0     4.7     4.0
    11   14.00    10.9    38.2  1010.8     8.6    255     0.0     0.0     6.0     4.0
    11   15.00    10.4    36.8  1010.8     9.1    253     0.0     0.0     5.5     4.0
    11   16.00     9.9    41.1  1011.0     7.1    244     0.0     0.0     5.2     4.0
    11   17.00     8.3    43.3  1011.4     5.4    244     0.0     0.0     4.5     5.5
    11   18.00     7.0    46.4  1011.9     5.1    236     0.0     0.0     3.7     5.5
    11   19.00     6.3    48.0  1012.1     5.5    270     0.0     0.0     3.6     4.5
    11   20.00     6.1    42.7  1012.5     7.5    241     0.0     0.0     4.4     4.5
    11   21.00     5.7    44.9  1013.1     5.5    264     0.0     0.0    11.0     5.0
    11   22.00     3.5    53.2  1013.2     4.4    306     0.0     0.0    31.3     5.0
    11   23.00     3.9    47.9  1013.5     5.9    264     0.0     0.0    30.5     4.5
    11   24.00     3.1    48.9  1013.8     4.3    289     0.0     0.0     6.2     4.5
    12    1.00     2.6    49.4  1013.6     4.3    261     0.0     0.0     5.0     5.0
    12    2.00     2.7    49.6  1013.6     2.9    185     0.0     0.0     5.1     5.0
    12    3.00     2.3    54.5  1013.7     3.0    129     0.0     0.0     6.8     5.0
    12    4.00     1.7    60.2  1013.7     2.3    210     0.0     0.0     5.4     5.5
    12    5.00     1.1    62.2  1013.7     2.6    216     0.0     0.0     4.5     5.5
    12    6.00     0.4    63.8  1013.8     3.1    239     0.0     0.0     5.2     5.0
    12    7.00     0.5    67.4  1014.1     2.6    196     0.0     0.0     2.8     5.5
    12    8.00     0.2    68.7  1014.1     4.4    247     0.0     0.0     4.1     5.0
    12    9.00     0.8    69.3  1014.4     1.8    219     0.0     0.0     2.0     5.0
    12   10.00     2.6    61.9  1014.5     4.2    281     0.0     0.0    14.6     4.5
    12   11.00     4.2    47.0  1014.7     7.0    309     0.0     0.0     2.2     4.5
    12   12.00     4.3    45.7  1014.2     6.5    275     0.0     0.0     4.7     4.5
    12   13.00     4.9    46.4  1013.5     5.7    326     0.1     0.0     8.4     4.5
    12   14.00     5.0    45.1  1013.0     4.9    315     0.1     0.0     8.4     5.5
    12   15.00     4.2    54.5  1013.0     3.3     16     0.1     0.0     6.8     5.0
    12   16.00     3.1    58.1  1013.3     2.6      8     0.1     0.0     6.0     5.5
    12   17.00     2.5    58.9  1013.4     1.0    357     0.1     0.0     2.6     5.5
    12   18.00     2.0    61.0  1013.8     1.0     14     0.1     0.0     1.4     6.0
    12   19.00     2.1    63.2  1014.0     1.0    188     0.1     0.0     3.3     5.5
    12   20.00     1.3    63.8  1014.3     1.0    241     0.1     0.0     0.1     5.5
    12   22.00     1.2    68.0  1015.0     1.0    258     0.2     0.0     3.0     5.5
    12   23.00     1.3    68.9  1015.2     1.0    275     0.2     0.0     1.4     5.5
    12   24.00     1.2    68.8  1015.0     1.2    261     0.2     0.0     7.0     5.5
    13    1.00     1.1    69.5  1014.6     1.6    182     0.0     0.0     4.4     5.5
    13    2.00     1.3    69.1  1014.4     1.3    135     0.0     0.0     5.2     5.5
    13    3.00     1.6    69.5  1014.2     1.0    123     0.0     0.0     7.5     5.5
    13    4.00     1.6    69.5  1014.1     1.0    135     0.0     0.0     5.3     5.5
    13    5.00     1.8    68.6  1013.9     1.0    216     0.0     0.0     5.8     5.5
    13    6.00     1.7    68.0  1013.9     1.0    208     0.0     0.0     5.2     5.5
    13    7.00     1.6    67.7  1014.1     1.0    196     0.0     0.0     4.0     5.5
    13    8.00     1.4    68.1  1014.3     1.9    295     0.0     0.0     4.6     5.5
    13    9.00     1.5    68.4  1014.3     1.7    281     0.0     0.0     3.0     5.5
    13   10.00     2.0    67.0  1014.4     1.2    312     0.0     0.0     8.0     4.5
    13   11.00     2.6    65.3  1014.5     2.6    334     0.0     0.0    19.3     4.0
    13   12.00     2.7    62.1  1014.2     2.6    298     0.0     0.0     8.4     5.0
    13   13.00     2.4    61.9  1013.7     2.7    284     0.0     0.0     5.0     5.0
    13   14.00     3.0    58.6  1013.3     2.7    289     0.0     0.0     5.9     5.0
    13   15.00     3.2    57.9  1013.3     2.3    329     0.0     0.0     4.9     5.0
    13   16.00     3.4    57.2  1013.4     2.4    284     0.0     0.0     3.6     5.5
    13   17.00     2.9    58.8  1013.4     2.6    286     0.0     0.0     2.4     5.5
    13   18.00     2.5    61.8  1013.8     2.6    278     0.0     0.0     3.2     6.0
    13   19.00     2.2    64.7  1014.0     2.6    300     0.0     0.0     4.1     5.5
    13   20.00     2.2    63.4  1014.0     2.7    300     0.0     0.0     3.6     5.5
    13   21.00     2.2    64.5  1014.2     1.0    292     0.0     0.0     7.2     5.5
    13   22.00     2.2    65.1  1014.2     1.7    298     0.0     0.0     3.0     5.5
    13   23.00     2.3    65.1  1014.4     2.7    303     0.0     0.0     0.1     5.5
    13   24.00     2.4    64.8  1014.3     2.5    303     0.0     0.0     3.0     5.5
    14    1.00     2.1    66.8  1014.1     1.9    312     0.0     0.0     3.2     5.5
    14    2.00     2.1    71.8  1014.0     2.0    340     0.0     0.0     4.4     5.5
    14    3.00     2.4    71.9  1014.3     2.3    317     0.0     0.0     9.3     5.5
    14    4.00     2.3    71.6  1014.1     1.0      0     0.0     0.0     8.4     5.5
    14    5.00     2.2    72.0  1014.0     2.6     28     0.0     0.0     6.2     5.5
    14    6.00     2.2    66.8  1014.2     1.6    236     0.0     0.0     8.2     5.5
    14    7.00     2.2    66.6  1014.4     1.0    326     0.0     0.0     1.7     5.5
    14    8.00     2.3    67.7  1014.7     1.7    300     0.0     0.0     0.1     5.5
    14    9.00     2.5    67.7  1015.0     1.8    289     0.0     0.0     2.4     6.0
    14   10.00     2.6    71.4  1015.3     2.1    348     0.0     0.0     5.7     5.0
    14   11.00     3.0    73.3  1015.6     2.1     22     0.0     0.0     7.2     5.0
    14   12.00     3.6    65.2  1015.4     2.2     22     0.0     0.0     3.7     5.5
    14   13.00     3.5    66.6  1015.1     2.8     39     0.0     0.0     4.6     5.0
    14   14.00     3.9    62.5  1014.6     2.3     50     0.0     0.0     6.7     5.0
    14   15.00     3.7    64.6  1014.7     2.6     16     0.0     0.0     5.7     5.0
    14   16.00     3.7    64.3  1014.7     2.9     22     0.0     0.0     4.7     5.0
    14   17.00     3.4    63.2  1014.8     3.7     33     0.0     0.0     3.5     6.0
    14   18.00     3.4    63.2  1015.3     2.8     22     0.0     0.0     5.7     5.0
    14   19.00     3.3    61.1  1015.8     2.5     59     0.0     0.0     4.9     5.5
    14   20.00     3.4    58.4  1016.3     1.8      2     0.0     0.0     8.4     5.5
    14   21.00     3.4    59.0  1016.5     2.1     36     0.0     0.0    11.9     5.5
    14   22.00     3.3    58.2  1016.8     2.6     84     0.0     0.0    10.7     5.0
    14   23.00     2.7    58.1  1016.6     5.4     90     0.0     0.0     3.2     4.5
    14   24.00     2.7    59.9  1017.2     3.2     81     0.0     0.0     4.6     5.0
    15    1.00     2.7    59.4  1017.4     3.0     45     0.0     0.0     6.6     5.0
    15    2.00     2.5    60.4  1017.4     2.6     92     0.0     0.0     5.7     5.0
    15    3.00     2.4    59.1  1017.8     2.8     28     0.0     0.0     4.1     5.0
    15    4.00     2.1    61.3  1018.1     3.4      2     0.0     0.0     7.9     5.0
    15    5.00     1.8    66.0  1018.1     4.0     14     0.0     0.0     4.7     5.0
    15    6.00     1.4    65.8  1018.4     2.8     14     0.0     0.0     3.3     5.0
    15    7.00     1.1    66.4  1019.0     4.9     36     0.0     0.0     6.8     4.5
    15    8.00     1.3    63.4  1019.5     3.6     25     0.0     0.0    19.7     5.0
    15    9.00     1.7    55.1  1019.9     4.8     81     0.0     0.0     3.5     5.5
    15   10.00     3.0    48.4  1020.4     4.6     56     0.0     0.0     3.5     5.5
    15   11.00     3.6    46.7  1020.9     3.3     16     0.0     0.0    11.0     5.0
    15   12.00     4.5    44.0  1020.8     3.0      2     0.0     0.0     9.8     5.0
    15   13.00     5.6    37.9  1020.2     4.0     16     0.0     0.0     5.3     5.0
    15   14.00     5.2    38.2  1020.3     3.5     42     0.0     0.0     5.0     5.0
    15   15.00     5.3    37.3  1020.5     3.6     28     0.0     0.0     4.0     5.0
    15   16.00     5.1    38.7  1021.5     2.5     45     0.0     0.0     3.7     5.5
    15   17.00     4.8    41.2  1022.2     2.8     39     0.0     0.0     3.6     5.0
    15   18.00     4.1    44.8  1022.8     2.1     11     0.0     0.0     6.9     5.0
    15   19.00     3.8    47.7  1023.4     2.3     28     0.0     0.0     4.0     5.5
    15   20.00     3.4    49.9  1024.1     1.8     22     0.0     0.0     7.6     5.5
    15   21.00     3.0    51.4  1024.5     1.0     78     0.0     0.0    16.2     5.5
    15   22.00     2.3    54.9  1025.0     1.7    118     0.0     0.0     2.2     5.5
    15   23.00     1.0    60.3  1025.5     1.0     53     0.0     0.0    20.2     5.5
    15   24.00     0.1    64.9  1026.0     1.0     33     0.0     0.0     2.2     5.5
    16    1.00     0.0    67.7  1026.6     1.0    123     0.0     0.0     3.2     5.5
    16    2.00    -0.7    66.9  1026.9     1.0    354     0.0     0.0     3.5     5.5
    16    3.00    -1.1    67.9  1027.6     1.0    101     0.0     0.0     2.6     5.5
    16    4.00    -1.5    67.9  1027.7     1.0    112     0.0     0.0     5.0     5.5
    16    5.00    -1.9    68.1  1027.9     1.0    180     0.0     0.0     3.3     5.5
    16    6.00    -1.6    69.1  1028.2     1.0     47     0.0     0.0     6.2     5.5
    16    7.00    -1.4    68.6  1028.3     1.0    126     0.0     0.0     8.8     5.5
    16    8.00    -1.5    68.6  1028.8     2.1    143     0.0     0.0     7.7     5.5
    16    9.00    -1.2    68.8  1029.2     2.2    219     0.0     0.0     7.4     3.5
    16   10.00    -0.8    71.1  1030.0     2.4     70     0.0     0.0    18.2     3.5
    16   11.00     1.8    70.0  1029.8     2.0    168     0.0     0.0    16.5     3.5
    16   12.00     2.7    62.2  1029.0     1.6     75     0.0     0.0     5.0     4.5
    16   13.00     3.5    54.6  1028.6     3.4     22     0.0     0.0     5.2     5.0
    16   14.00     3.4    53.4  1028.3     2.9     36     0.0     0.0     4.2     5.0
    16   15.00     3.0    56.4  1028.4     4.6     30     0.0     0.0     4.1     5.5
    16   16.00     3.6    53.5  1028.7     3.5     98     0.0     0.0     6.6     5.0
    16   17.00     2.8    58.2  1029.2     5.1     47     0.0     0.0     5.4     5.5
    16   18.00     2.3    60.2  1029.6     5.1     84     0.0     0.0     3.6     5.5
    16   19.00     1.3    53.0  1030.0     6.5     92     0.0     0.0     4.0     4.0
    16   20.00     1.4    54.1  1030.9     6.7     81     0.0     0.0     4.0     4.0
    16   21.00     1.7    49.1  1031.1     5.5     73     0.0     0.0     3.3     4.5
    16   22.00     1.0    57.0  1031.2     5.2     73     0.0     0.0     3.0     4.5
    16   23.00     0.7    57.3  1030.9     5.8     50     0.0     0.0     2.8     4.0
    16   24.00     0.3    66.1  1030.9     5.7     95     0.0     0.0     2.6     4.0
    17    1.00     0.0    68.2  1030.7     5.0     95     0.0     0.0     3.2     4.5
    17    2.00     0.0    63.4  1030.7     5.4     33     0.0     0.0     4.8     4.5
    17    3.00    -0.3    64.9  1030.6     6.7     39     0.0     0.0     4.5     4.0
    17    4.00    -0.6    70.2  1030.3     6.0     42     0.0     0.0     3.3     4.0
    17    5.00    -0.5    67.3  1030.1     5.9     47     0.0     0.0     2.6     4.0
    17    6.00    -0.5    66.4  1029.8     6.3     39     0.0     0.0     4.0     4.0
    17    7.00    -0.7    64.9  1030.0     5.7     95     0.0     0.0     2.8     4.0
    17    8.00    -0.7    65.0  1029.9     6.2     92     0.0     0.0     4.8     4.0
    17    9.00    -0.8    65.9  1029.6     6.9     50     0.0     0.0     3.0     4.5
    17   10.00    -0.7    64.4  1029.6     6.2     53     0.0     0.0     4.0     4.5
    17   11.00    -0.3    62.8  1029.8     6.8     50     0.0     0.0     4.1     5.0
    17   12.00    -0.1    61.6  1029.2     5.6     87     0.0     0.0     4.9     5.0
    17   13.00     0.0    61.0  1028.0     5.9     45     0.0     0.0     3.6     5.0
    17   14.00    -0.1    61.9  1027.2     5.8     42     0.0     0.0     5.3     4.0
    17   15.00    -0.4    61.4  1027.3     6.6     42     0.0     0.0     3.5     5.0
    17   16.00    -0.5    64.0  1027.4     5.1     39     0.0     0.0     3.7     5.5
    17   17.00    -0.7    66.8  1026.9     5.5     45     0.0     0.0     3.6     5.5
    17   18.00    -0.6    66.8  1027.0     5.5     56     0.0     0.0     3.2     6.0
    17   19.00    -0.5    64.3  1026.6     4.4     98     0.0     0.0     3.7     4.5
    17   20.00    -0.3    65.1  1026.6     4.3     64     0.0     0.0     3.0     4.5
    17   21.00    -0.3    65.9  1026.2     3.6     53     0.0     0.0     4.1     5.0
    17   22.00    -0.2    69.7  1025.9     3.4     90     0.0     0.0     3.6     4.5
    17   23.00    -0.1    70.2  1025.5     3.4     90     0.0     0.0     3.0     4.5
    17   24.00     0.0    70.1  1025.0     3.3     92     0.0     0.0     2.6     4.5
    18    1.00     0.0    68.6  1024.5     3.0     67     0.0     0.0     3.0     5.0
    18    2.00     0.2    69.1  1024.2     3.5     81     0.0     0.0     4.6     5.0
    18    3.00     0.0    70.1  1024.0     2.8     92     0.0     0.0     3.7     5.0
    18    4.00     0.1    70.1  1023.7     1.8     42     0.4     0.4     2.2     5.5
    18    6.00     0.1    73.4  1023.3     2.1    343     1.4     0.4     4.7     5.5
    18    7.00     0.0    74.0  1023.5     2.7     16     1.5     0.0     5.3     5.5
    18    8.00    -0.1    73.7  1023.7     2.4     14     1.6     0.0     5.7     5.0
    18    9.00    -0.1    72.5  1024.1     2.5      2     1.7     0.0     5.7     4.0
    18   10.00     0.0    67.8  1024.3     3.4     53     1.7     0.0     5.7     4.5
    18   11.00     0.0    66.9  1024.4     3.5     28     1.7     0.0     5.7     5.0
    18   12.00     0.0    66.5  1023.9     3.8     22     1.8     0.0     5.2     5.5
    18   13.00     0.1    65.5  1023.5     3.5     16     1.8     0.0     7.0     5.0
    18   14.00     0.2    64.3  1023.0     3.4     67     1.2     0.4     6.7     5.5
    18   15.00    -0.1    65.4  1023.0     3.1     19     1.3     0.4     6.9     5.0
    18   16.00    -0.3    65.7  1023.2     2.9     33     1.3     0.0     7.0     4.5
    18   17.00    -1.0    64.7  1023.3     2.6     25     1.3     0.0     5.0     4.0
    18   18.00    -1.1    67.1  1023.5     2.3     14     1.4     0.0     7.0     4.5
    18   19.00    -1.2    67.3  1023.7     1.8     98     1.6     0.0    11.7     5.5
    18   20.00    -1.7    66.0  1023.8     3.2     50     1.7     0.4     5.4     5.0
    18   21.00    -1.7    65.6  1023.8     3.2     53     1.7     0.0     7.1     5.0
    18   22.00    -1.8    63.6  1023.7     3.5     87     1.7     0.0     8.8     5.0
    18   23.00    -2.3    63.5  1023.5     3.7     61     1.8     0.0     4.5     5.0
    18   24.00    -2.4    64.0  1023.3     3.4     61     1.8     0.0     3.5     5.0
    19    1.00    -2.4    63.4  1022.8     1.9    143     0.0     0.0     3.7     5.5
    19    2.00    -2.7    62.7  1022.7     1.8     53     0.0     0.0     5.7     5.5
    19    3.00    -2.8    62.7  1022.5     2.8     61     0.0     0.0     2.2     5.5
    19    4.00    -2.9    63.6  1022.1     2.0     39     0.0     0.0     5.6     5.5
    19    5.00    -2.8    64.9  1021.8     1.0     14     0.1     0.0     3.7     5.5
    19    6.00    -3.0    64.8  1021.7     2.7     92     0.1     0.0     3.0     5.0
    19    7.00    -3.2    63.9  1021.6     2.0     64     0.1     0.0     2.2     5.5
    19    8.00    -3.1    62.4  1021.5     1.8     98     0.1     0.0     6.5     5.5
    19    9.00    -2.7    60.6  1021.2     2.3    123     0.1     0.0     8.7     5.5
    19   10.00    -1.9    57.2  1021.2     1.6    177     0.1     0.0     5.7     5.0
    19   11.00    -1.6    55.7  1021.1     1.9    123     0.2     0.0     4.8     5.5
    19   12.00    -1.1    56.2  1020.4     2.0    137     0.2     0.0     8.0     5.0
    19   13.00    -0.2    53.3  1019.5     1.8    137     0.3     0.0    10.5     4.5
    19   14.00     0.1    51.2  1019.0     2.1    132     0.3     0.0    10.9     5.0
    19   15.00     0.1    49.2  1018.7     1.0    151     0.3     0.0     6.8     5.0
    19   16.00    -0.3    52.7  1018.6     1.2    123     0.3     0.0     8.0     5.0
    19   17.00    -1.2    58.6  1018.7     1.0    132     0.3     0.0    22.5     3.0
    19   18.00    -1.9    61.4  1018.9     1.0     87     0.4     0.0     7.1     4.5
    19   19.00    -1.6    62.9  1018.9     1.9    118     0.4     0.0     3.3     5.5
    19   20.00    -1.5    64.4  1018.7     1.6     78     0.4     0.0     0.1     5.5
    19   21.00    -1.7    64.9  1018.7     2.1     53     0.7     0.0     3.7     5.5
    19   22.00    -1.9    65.2  1018.7     2.0     64     0.8     0.0     6.2     5.5
    19   23.00    -1.8    62.6  1018.6     2.4     92     0.8     0.0     4.9     5.5
    19   24.00    -2.0    62.5  1018.5     2.7     90     0.9     0.4    13.5     5.5
    20    1.00    -2.6    62.3  1018.3     2.7     92     0.1     0.0     4.0     5.5
    20    2.00    -3.1    62.2  1018.3     3.6     92     0.1     0.0     4.6     5.0
    20    3.00    -3.5    63.8  1018.3     3.6     90     0.1     0.0     5.2     5.0
    20    5.00    -3.8    58.7  1018.1     3.3     92     0.1     0.0     5.1     5.0
    20    6.00    -4.1    56.5  1018.1     2.4     56     0.1     0.0    12.2     5.0
    20    7.00    -4.1    55.5  1018.3     2.5     92     0.2     0.0    14.0     5.0
    20    8.00    -4.2    55.9  1018.3     2.9     61     0.2     0.0    26.1     4.0
    20    9.00    -4.4    57.5  1018.5     2.8     59     0.4     0.0    12.0     5.0
    20   10.00    -3.5    53.1  1018.7     4.0    126     0.4     0.4    14.0     5.0
    20   11.00    -3.5    51.6  1018.7     4.3     78     0.4     0.0     6.9     5.5
    20   12.00    -3.4    54.6  1018.4     3.6    112     0.4     0.0     3.0     5.5
    20   13.00    -3.1    55.5  1017.9     3.8     67     0.5     0.0     4.4     5.5
    20   14.00    -2.2    50.7  1017.6     3.3     53     0.5     0.0     6.8     5.0
    20   15.00    -3.0    55.0  1017.7     3.8     90     0.5     0.0     4.5     5.0
    20   16.00    -3.4    59.0  1018.0     3.9     90     0.5     0.0     6.9     4.5
    20   17.00    -3.9    61.2  1018.3     4.2     92     0.5     0.0     6.4     5.0
    20   18.00    -4.2    61.6  1018.9     3.1     90     0.5     0.4     6.0     5.0
    20   19.00    -4.7    63.8  1019.4     4.1     90     0.6     0.0     5.6     4.5
    20   20.00    -4.9    63.3  1019.9     4.5     67     0.6     0.0     4.9     4.5
    20   21.00    -5.0    60.6  1020.3     5.0     90     0.7     0.4     3.3     4.5
    20   22.00    -5.1    61.6  1020.5     5.7     84     0.7     0.0     3.2     4.0
    20   23.00    -5.2    59.9  1021.1     4.6     92     0.7     0.0     6.7     4.5
    20   24.00    -5.4    57.7  1021.3     5.1     73     0.7     0.0     4.1     4.5
    21    1.00    -5.5    56.6  1021.5     3.6     61     0.0     0.0    11.4     5.0
    21    2.00    -6.0    56.5  1021.9     3.6     67     0.0     0.0     5.4     5.0
    21    3.00    -6.5    56.7  1022.3     3.2     92     0.0     0.0     6.2     5.0
    21    4.00    -7.0    58.8  1022.4     3.6     90     0.0     0.0     5.3     5.0
    21    5.00    -6.5    53.2  1022.6     2.8     70     0.0     0.0     7.4     5.0
    21    6.00    -7.3    56.5  1022.8     2.9     90     0.0     0.0     5.3     5.0
    21    7.00    -7.5    54.9  1023.2     3.0    101     0.0     0.0     6.7     5.0
    21   15.00    -6.2    49.4  1023.7     3.2     42     0.0     0.0     5.1     4.5
    21   16.00    -7.1    48.2  1024.0     2.6     67     0.0     0.0     6.0     4.5
    21   17.00    -7.8    51.7  1024.6     2.1    104     0.0     0.0     4.9     5.5
    21   18.00    -8.8    56.4  1025.2     1.7     95     0.0     0.0     3.7     6.0
    21   19.00    -9.5    56.1  1025.8     1.0    213     0.0     0.0     3.7     5.5
    21   20.00   -10.3    57.0  1026.0     1.0    123     0.0     0.0     4.2     5.5
    21   22.00   -10.3    64.0  1026.3     2.8    298     0.0     0.0     5.5     5.5
    21   23.00   -10.0    62.6  1026.4     2.7    320     0.0     0.0     3.3     5.5
    21   24.00    -9.2    62.6  1026.8     2.9    104     0.0     0.0     3.6     5.0
    22    1.00    -9.5    61.9  1026.7     2.7     92     0.0     0.0     5.6     5.0
    22    2.00    -8.4    59.2  1026.8     2.7     92     0.0     0.0     7.3     5.0
    22    3.00    -7.7    55.6  1026.8     3.5    101     0.0     0.0    10.1     5.0
    22    4.00    -8.0    55.6  1026.3     4.0     92     0.0     0.0     8.4     5.0
    22    5.00    -8.2    57.0  1026.2     5.0     95     0.0     0.0     4.5     4.5
    22    6.00    -8.3    57.3  1026.4     5.4     84     0.0     0.0     4.1     4.5
    22    7.00    -7.8    54.0  1026.7     3.3     78     0.0     0.0     9.7     5.0
    22    8.00    -7.9    52.9  1026.8     4.2     92     0.0     0.0    19.4     3.5
    22    9.00    -8.0    53.2  1027.2     4.2     81     0.0     0.0    10.1     4.5
    22   10.00    -7.1    47.4  1027.3     4.5     78     0.0     0.0     3.0     5.0
    22   11.00    -6.2    46.0  1027.3     4.7     75     0.0     0.0     7.3     4.5
    22   12.00    -6.0    43.5  1026.8     6.7     87     0.0     0.0     3.9     4.5
    22   13.00    -5.8    38.6  1026.3     8.4     84     0.0     0.0     4.0     4.0
    22   14.00    -6.0    39.0  1026.2     8.6    135     0.0     0.0     2.8     4.0
    22   15.00    -6.3    35.6  1026.0     7.7     87     0.0     0.0     3.9     4.5
    22   16.00    -6.8    35.1  1026.4     6.4     90     0.0     0.0     4.5     5.0
    22   17.00    -7.5    38.1  1026.8     8.0     90     0.0     0.0     3.7     4.5
    22   18.00    -7.5    38.8  1027.5     6.5     90     0.0     0.0    12.7     4.5
    22   19.00    -7.3    40.7  1028.0     3.9     92     0.0     0.0    10.2     5.0
    22   20.00    -7.3    45.9  1028.4     1.8    101     0.0     0.0    11.8     5.5
    22   21.00    -7.7    50.8  1028.8     1.5    104     0.0     0.0     8.6     5.5
    22   22.00    -7.9    51.9  1029.0     1.8     59     0.0     0.0     3.0     5.5
    22   23.00    -8.0    55.3  1029.4     1.6    326     0.0     0.0     7.6     5.5
    22   24.00    -8.1    56.5  1029.7     1.6    357     0.0     0.0     5.5     5.5
    23    1.00    -8.1    57.1  1029.8     2.3    309     0.0     0.0     9.4     5.5
    23    2.00    -7.9    55.5  1029.9     1.0     56     0.0     0.0     3.9     5.5
    23    3.00    -8.0    53.6  1030.1     2.4    120     0.0     0.0     4.2     5.5
    23    4.00    -8.4    47.1  1029.9     3.7    104     0.0     0.0     6.1     5.0
    23    5.00    -8.5    46.6  1029.6     2.8    101     0.0     0.0     6.4     5.0
    23    6.00    -8.9    46.1  1029.3     3.5    118     0.0     0.0    11.0     5.0
    23    7.00    -9.7    48.0  1029.3     3.0    120     0.0     0.0     5.6     5.0
    23    8.00   -10.1    49.7  1029.4     1.2    120     0.0     0.0     3.3     6.0
    23    9.00    -8.8    45.9  1029.9     2.5     87     0.0     0.0     3.0     5.5
    23   10.00    -8.4    41.3  1029.8     1.7    171     0.0     0.0     3.6     5.5
    23   11.00    -5.9    35.3  1030.0     2.0    118     0.0     0.0     6.5     5.0
    23   12.00    -3.3    29.2  1029.3     1.0    191     0.0     0.0    12.5     3.5
    23   13.00    -4.2    30.3  1028.5     1.4    182     0.0     0.0     5.7     5.0
    23   14.00    -3.4    29.0  1028.3     1.8    154     0.0     0.0    22.4     3.0
    23   15.00    -4.4    31.6  1028.6     1.8    216     0.0     0.0     7.9     4.0
    23   16.00    -4.4    32.2  1028.9     1.8    219     0.0     0.0     8.6     4.5
    23   17.00    -5.5    37.4  1029.6     1.7    230     0.0     0.0    11.0     4.0
    23   18.00    -5.9    40.9  1030.1     1.0    233     0.0     0.0     8.1     4.5
    23   19.00    -5.8    42.4  1030.7     1.0     98     0.0     0.0     5.4     5.5
    23   20.00    -6.0    46.0  1031.3     1.6     78     0.0     0.0     3.9     5.5
    23   21.00    -6.0    49.5  1031.4     2.0    109     0.0     0.0    12.0     5.5
    23   22.00    -6.2    48.9  1031.7     2.8     73     0.0     0.0     4.2     5.5
    23   23.00    -6.2    53.2  1031.8     2.6     92     0.0     0.0     3.3     5.0
    23   24.00    -6.0    52.0  1031.8     1.5    115     0.0     0.0     4.1     5.5
    24    1.00    -6.2    52.4  1031.5     2.4    118     0.0     0.0     7.0     5.5
    24    2.00    -6.3    45.7  1031.4     3.9     95     0.0     0.0     8.6     5.0
    24    3.00    -6.6    40.6  1031.2     3.4    112     0.0     0.0     5.5     5.0
    24    4.00    -6.6    41.2  1031.2     3.0    118     0.0     0.0     5.6     5.0
    24    5.00    -7.0    43.1  1031.2     2.4     90     0.0     0.0    16.9     5.5
    24    6.00    -7.8    43.2  1031.2     4.2     87     0.0     0.0     5.1     5.0
    24    7.00    -7.8    38.8  1031.6     3.4     67     0.0     0.0     7.1     5.0
    24    8.00    -7.4    33.2  1032.0     3.7    132     0.0     0.0     7.4     4.5
    24    9.00    -7.2    32.9  1032.4     4.0    120     0.0     0.0     2.6     5.5
    24   11.00    -6.0    28.6  1032.6     4.7     67     0.0     0.0     5.3     4.5
    24   12.00    -5.8    26.7  1032.3     4.9     70     0.0     0.0     5.2     4.5
    24   13.00    -5.1    25.7  1031.8     3.6     64     0.0     0.0     3.0     5.0
    24   14.00    -4.8    28.1  1031.0     3.8     75     0.0     0.0     4.7     5.5
    24   15.00    -5.8    28.8  1030.9     4.0    104     0.0     0.0     4.6     5.5
    24   16.00    -6.1    32.2  1031.5     3.1    109     0.0     0.0     3.5     5.5
    24   17.00    -7.7    30.7  1032.0     3.4     95     0.0     0.0     2.6     5.5
    24   18.00    -8.2    34.2  1032.7     3.6     98     0.0     0.0     5.8     5.5
    24   19.00    -9.3    35.9  1033.4     3.5    101     0.0     0.0     5.1     5.0
    24   20.00   -10.4    38.4  1033.7     2.6    104     0.0     0.0     3.0     5.0
    24   21.00   -10.6    37.8  1034.1     4.0     98     0.0     0.0     3.6     5.0
    24   22.00   -11.4    39.0  1034.4     2.7     98     0.0     0.0     3.2     5.0
    24   23.00   -12.0    41.3  1034.9     3.2    109     0.0     0.0     4.4     5.0
    24   24.00   -12.2    43.2  1035.3     2.2    194     0.0     0.0     5.6     5.0
    25    1.00   -12.2    42.9  1035.6     2.2    112     0.0     0.0     7.4     5.5
    25    2.00   -13.8    47.8  1036.2     2.1    331     0.0     0.0     2.6     5.5
    25    3.00   -13.3    56.7  1036.8     2.5    289     0.0     0.0     4.8     5.5
    25    4.00   -14.4    55.3  1037.1     2.6    292     0.0     0.0     5.0     5.0
    25    5.00   -15.7    54.1  1037.4     2.9    345     0.0     0.0     4.2     5.0
    25    6.00   -16.0    51.2  1037.9     1.9    331     0.0     0.0     6.6     5.5
    25    7.00   -16.9    49.4  1038.3     2.4    104     0.0     0.0    16.2     5.0
    25    8.00   -17.2    48.4  1038.8     2.7     98     0.0     0.0     8.1     3.5
    25    9.00   -16.8    49.9  1039.5     1.9     95     0.0     0.0     5.9     4.0
    25   10.00   -14.9    49.5  1039.9     1.0     92     0.0     0.0    13.7     4.5
    25   11.00   -12.7    44.8  1040.2     1.0    109     0.0     0.0    12.7     4.5
    25   13.00   -11.0    40.9  1038.8     2.5    106     0.0     0.0     9.6     3.5
    25   14.00   -10.2    38.2  1038.3     1.8     25     0.0     0.0     5.8     4.5
    25   15.00    -9.2    34.8  1038.1     2.6     98     0.0     0.0     8.5     4.5
    25   16.00   -10.4    36.5  1038.2     3.0     64     0.0     0.0     4.6     4.5
    25   17.00   -11.5    40.7  1038.6     2.6    118     0.0     0.0    10.3     5.0
    25   19.00   -14.6    48.7  1040.0     1.3    123     0.0     0.0     3.3     5.5
    25   20.00   -15.5    49.5  1003.4     1.0    115     0.0     0.0     5.5     5.5
    25   21.00   -17.3    46.7  9999.0     1.0    191     0.0     0.0     7.1     5.5
    25   22.00   -17.5    47.7  9999.0     1.8     98     0.0     0.0     5.1     5.5
    25   23.00   -18.2    47.1  9999.0     1.0     92     0.0     0.0     4.5     5.5
    25   24.00   -18.0    46.7  9999.0     1.0     98     0.0     0.0     5.9     5.5
    26    1.00   -18.9    50.1  9999.0     2.3    239     0.0     0.0     5.0     5.5
    26    2.00   -18.3    50.7  9999.0     2.0    202     0.0     0.0     5.9     5.5
    26    3.00   -18.1    52.4  9999.0     1.6    160     0.0     0.0     6.6     5.5
    26    4.00   -17.5    51.3  9999.0     1.8    250     0.0     0.0     3.3     5.5
    26    5.00   -17.8    50.3  9999.0     1.8    120     0.0     0.0     6.2     5.5
    26    6.00   -17.6    49.1  1039.7     1.3    132     0.0     0.0     5.4     5.5
    26    7.00   -17.4    49.6   861.0     1.0    115     0.0     0.0     5.0     5.5
    26    8.00   -16.6    49.7  9999.0     1.0    244     0.0     0.0     9.4     3.5
    26    9.00   -16.2    51.0  9999.0     1.0    236     0.0     0.0    11.0     5.0
    26   10.00   -15.3    49.9  9999.0     1.7    244     0.0     0.0     9.5     5.0
    26   11.00   -14.6    48.8  1039.1     1.9    233     0.0     0.0     6.7     5.5
    26   12.00   -13.0    45.4  1038.1     1.8    239     0.0     0.0     6.1     5.0
    26   13.00   -11.5    42.2  1036.7     1.0     25     0.0     0.0     8.5     3.5
    26   14.00   -11.4    42.1  1036.1     1.4    323     0.0     0.0     6.4     4.0
    26   15.00   -11.4    43.1  1035.7     2.0    258     0.0     0.0     6.2     5.0
    26   16.00   -12.5    46.8  1035.4     2.7    236     0.0     0.0     3.2     6.0
    26   17.00   -13.0    47.9  1035.5     2.1    230     0.0     0.0     5.2     5.5
    26   18.00   -13.8    48.0  1036.0     2.3    230     0.0     0.0     6.9     5.5
    26   19.00   -13.1    48.0  1036.1     1.5    253     0.0     0.0     6.0     5.5
    26   20.00   -12.7    48.9  1036.0     1.0    123     0.0     0.0     5.6     5.5
    26   21.00   -12.6    48.3  1036.0     1.8     98     0.0     0.0     4.9     5.5
    26   22.00   -12.3    49.0  1036.1     1.4    154     0.0     0.0     5.7     5.5
    26   23.00   -12.0    48.6  1036.0     2.1    115     0.0     0.0     6.2     5.5
    26   24.00   -11.6    47.7  1036.0     2.2    132     0.0     0.0     5.1     5.5
    27    1.00   -11.6    48.5  1035.6     2.3     98     0.0     0.0     5.4     5.0
    27    2.00   -12.3    48.9  1035.1     2.0    250     0.0     0.0     3.7     5.5
    27    3.00   -12.5    50.4  1034.7     2.6    233     0.0     0.0     3.7     5.5
    27    4.00   -12.6    50.5  1034.0     2.1    244     0.0     0.0     6.2     5.0
    27    5.00   -12.9    50.5  1033.4     2.2    104     0.0     0.0     5.3     5.5
    27    6.00   -13.4    51.2  1033.3     2.0    112     0.0     0.0     5.0     5.5
    27    7.00   -13.0    50.2  1033.3     1.7    199     0.0     0.0     6.7     5.5
    27    8.00   -13.0    49.5  1033.1     1.9    112     0.0     0.0     5.2     4.5
    27    9.00   -11.5    46.4  1032.6     1.0    230     0.0     0.0     6.4     5.0
    27   10.00   -10.9    47.9  1032.5     2.5    210     0.0     0.0     4.4     3.5
    27   11.00    -9.9    48.2  1031.5     2.0    118     0.0     0.0     7.3     4.5
    27   12.00    -8.9    46.2  1029.9     2.1    135     0.1     0.4     5.6     4.0
    27   13.00    -8.5    42.7  1028.6     2.5    233     0.1     0.0     6.2     5.0
    27   14.00    -8.6    50.0  1027.8     2.5    233     0.4     0.4     4.4     5.0
    27   15.00    -8.2    48.6  1026.6     1.9    233     0.8     0.0     5.2     5.5
    27   16.00    -8.6    51.0  1025.7     1.9    239     1.1     0.0     6.2     4.0
    27   17.00    -8.8    53.7  1025.1     1.0    241     1.6     0.4     4.5     5.0
    27   18.00    -8.9    56.0  1024.9     1.6    281     2.2     0.4     5.8     5.5
    27   19.00    -9.0    56.0  1024.3     1.8    253     2.5     0.4     6.4     5.5
    27   20.00    -8.8    55.8  1024.0     1.7    233     2.9     0.0     6.6     5.5
    27   21.00    -9.0    56.1  1023.4     2.1    227     3.1     0.0     7.1     5.5
    27   22.00    -8.9    55.9  1023.0     2.6    230     3.3     0.0     6.5     5.0
    27   23.00    -8.8    56.5  1022.2     2.4    230     3.3     0.0     6.2     5.0
    27   24.00    -8.8    56.3  1021.4     1.8    230     3.3     0.0     7.2     5.5
    28    1.00    -8.8    56.4  1020.2     1.9    230     0.0     0.0     8.5     5.5
    28    2.00    -9.4    55.7  1019.2     1.9     95     0.0     0.0     3.5     5.5
    28    3.00   -10.3    56.1  1018.2     1.8    112     0.0     0.0     3.3     5.5
    28    4.00   -11.0    56.6  1017.1     2.1    258     0.0     0.0     3.6     5.5
    28    5.00   -12.3    56.8  1016.6     1.9    177     0.0     0.0     4.4     5.5
    28    6.00   -14.5    55.3  1016.1     2.2    230     0.0     0.0     2.8     5.5
    28    7.00   -14.0    55.9  1015.6     1.9    202     0.0     0.0     4.6     5.5
    28    8.00   -14.2    54.6  1015.0     1.4    196     0.0     0.0     3.9     4.0
    28    9.00   -13.6    53.4  1014.5     1.0    126     0.0     0.0     8.1     4.0
    28   10.00   -11.9    49.1  1013.2     1.5    171     0.0     0.0     6.0     4.5
    28   11.00    -8.2    38.1  1012.6     1.0    334     0.0     0.0     6.0     4.5
    28   12.00    -7.4    51.9  1011.0     2.5    337     0.0     0.0     4.9     4.5
    28   13.00    -5.2    41.4  1009.6     3.4    329     0.0     0.0     7.1     5.0
    28   14.00    -4.9    39.0  1008.5     2.1    275     0.0     0.0     8.1     4.0
    28   15.00    -6.0    43.1  1006.9     2.0     36     0.0     0.0     5.5     4.0
    28   16.00    -6.1    45.5  1006.9     1.9    118     0.0     0.0     6.9     3.5
    28   17.00    -6.6    48.3  1006.8     2.0    298     0.0     0.0     5.8     5.5
    28   18.00    -7.1    51.5  1007.1     3.2    264     0.0     0.0     6.3     5.0
    28   19.00    -7.5    54.6  1006.7     3.1    230     0.0     0.0     2.8     5.0
    28   20.00    -7.2    56.1  1006.8     2.7    230     0.0     0.0     9.2     5.0
    28   21.00    -7.4    56.7  1006.6     2.3    236     0.0     0.0     5.7     5.0
    28   22.00    -7.3    41.4  1006.3     1.8    239     0.2     0.0     8.3     5.5
    28   23.00    -7.2    56.4  1005.9     1.8    236     0.4     0.4     5.8     5.5
    28   24.00    -7.3    57.3  1005.6     2.0    233     0.5     0.8     6.4     5.5
    29    1.00    -7.2    57.4  1005.0     1.6    239     0.2     0.8     4.6     5.5
    29    2.00    -7.1    58.8  1004.7     1.8    239     0.2     0.0     6.0     5.5
    29    3.00    -7.1    59.2  1004.6     2.0    180     0.2     0.0     5.7     5.5
    29    4.00    -7.3    60.3  1004.1     3.0    230     0.2     0.0     6.9     5.0
    29    5.00    -7.4    59.7  1003.9     1.1    241     0.2     0.0     3.5     5.5
    29    6.00    -7.4    60.1  1004.1     2.5    247     0.2     0.0     4.7     5.5
    29    7.00    -7.1    60.0  1004.2     2.2    241     0.2     0.0     5.0     5.5
    29    8.00    -7.3    59.9  1004.6     2.4    174     0.2     0.0     5.2     3.5
    29    9.00    -6.3    57.2  1004.6     2.3    129     0.2     0.0     4.0     4.5
    29   10.00    -4.1    47.4  1004.7     2.0    129     0.2     0.0     4.4     5.0
    29   11.00    -2.5    40.4  1004.3     3.9    250     0.2     0.0     6.9     5.0
    29   12.00     0.8    34.3  1004.1     3.0    272     0.2     0.0    12.6     4.5
    29   13.00     2.0    33.0  1003.2     2.9    196     0.2     0.0     6.9     3.5
    29   14.00     2.5    33.2  1002.5     1.8    233     0.2     0.0     6.2     3.5
    29   15.00     3.9    33.2  1002.4     2.6    205     0.2     0.0     8.8     5.5
    29   16.00     2.4    34.0  1002.3     2.3    230     0.2     0.0     5.2     5.0
    29   17.00     0.1    42.2  1002.6     2.6    205     0.2     0.0     3.0     5.0
    29   18.00    -2.9    46.9  1003.0     2.4    205     0.2     0.0     3.5     5.0
    29   19.00    -2.3    46.7  1003.5     1.9    185     0.2     0.0     3.6     5.5
    29   20.00    -4.0    51.2  1004.0     3.1    185     0.2     0.0     5.1     5.0
    29   21.00    -3.8    46.3  1004.1     2.7    205     0.2     0.0     3.3     5.0
    29   22.00    -3.6    45.5  1004.1     2.9    174     0.2     0.0     3.7     5.0
    29   23.00    -3.2    44.8  1004.3     1.9    191     0.2     0.0     4.4     5.5
    29   24.00    -4.7    49.2  1004.0     2.4     87     0.2     0.0     5.7     5.0
    30    1.00    -4.7    49.0  1003.9     2.0    101     0.0     0.0    23.5     5.0
    30    2.00    -4.9    49.5  1004.4     2.5    106     0.0     0.0     4.7     5.5
    30    3.00    -6.9    58.1  1004.3     2.1    348     0.0     0.0     2.0     5.5
    30    4.00    -8.4    65.7  1004.1     3.3    312     0.0     0.0     2.4     5.5
    30    5.00    -6.7    66.1  1003.8     3.9     59     0.0     0.0    10.2     5.0
    30    6.00    -5.6    66.6  1003.3     5.7    306     0.0     0.0     4.5     4.5
    30    7.00    -6.1    60.7  1003.7     4.7    323     0.0     0.0     6.2     5.0
    30    8.00    -6.4    60.3  1003.9     3.9    320     0.0     0.0    11.3     3.5
    30    9.00    -5.8    52.0  1003.8     4.3     98     0.0     0.0     5.7     4.5
    30   10.00    -4.2    45.1  1003.9     2.9      8     0.0     0.0    13.1     4.0
    30   11.00    -3.8    41.9  1003.5     3.5     11     0.0     0.0     8.2     4.0
    30   12.00    -2.1    36.1  1002.5     4.0    104     0.0     0.0     7.0     5.0
    30   13.00    -1.0    33.5  1001.7     1.8    180     0.0     0.0    15.5     3.5
    30   14.00    -0.9    34.5  1001.3     1.9    205     0.0     0.0     9.3     4.0
    30   15.00    -0.9    36.0  1001.3     1.8    202     0.0     0.0    13.2     4.0
    30   16.00    -1.9    37.8  1001.3     1.8    270     0.0     0.0     6.1     4.5
    30   17.00    -3.1    45.2  1001.5     2.6    247     0.0     0.0     6.5     5.5
    30   18.00    -5.2    51.6  1002.0     2.7    239     0.0     0.0     9.3     5.0
    30   19.00    -6.0    54.5  1002.0     2.6    236     0.0     0.0     4.7     5.0
    30   20.00    -5.9    55.4  1002.1     1.1    205     0.0     0.0     4.0     5.5
    30   21.00    -5.9    54.8  1002.0     1.9    292     0.0     0.0     9.5     5.5
    30   22.00    -5.9    55.3  1002.0     1.6    132     0.0     0.0     5.2     5.5
    30   23.00    -6.3    56.6  1001.7     1.7    129     0.0     0.0     6.4     5.5
    30   24.00    -5.9    56.7  1001.5     1.6    188     0.0     0.0     4.5     5.5
    31    1.00    -5.5    57.4  1001.3     2.0    126     0.0     0.0     5.4     5.5
    31    2.00    -4.7    57.2  1001.0     1.5    129     0.0     0.0     5.6     5.5
    31    3.00    -4.1    58.0  1000.7     1.8    154     0.0     0.0     6.9     5.5
    31    4.00    -3.4    58.2   999.9     1.4     95     0.2     0.0     8.1     5.5
    31    5.00    -3.3    58.0   999.7     1.0    180     0.2     0.0    25.6     5.5
    31    6.00    -3.5    59.0   999.6     1.0    120     0.2     0.0    10.1     5.5
    31    7.00    -3.6    59.6   999.7     1.1    171     0.2     0.0     7.1     5.5
    31    8.00    -3.3    59.4   999.7     1.0    216     0.2     0.0    20.3     2.0
    31    9.00    -2.7    57.6   999.4     1.3    250     0.2     0.0     8.4     5.0
    31   10.00    -1.9    57.1   999.5     1.0    253     0.2     0.0    13.7     4.5
    31   11.00    -1.3    54.3   999.5     1.6    227     0.2     0.0     6.6     5.0
    31   12.00     0.1    45.8   999.1     1.8    281     0.2     0.0    10.7     5.0
    31   13.00     0.6    47.0   998.3     2.5    258     0.2     0.0     7.5     5.0
    31   14.00     0.1    50.6   997.9     2.5    284     0.2     0.0     5.0     5.0
    31   15.00     0.8    51.6   998.5     3.3    340     0.2     0.0     6.2     5.5
    31   16.00     0.8    53.7   999.5     2.6    292     0.2     0.0     5.3     5.0
    31   17.00     0.6    55.4  1000.6     2.3    239     0.2     0.0    21.4     4.5
    31   18.00     0.4    59.4  1001.3     2.5    227     0.2     0.0     6.5     5.5
    31   19.00     0.2    60.9  1002.5     3.7    270     0.2     0.0     5.9     5.0
    31   20.00     0.0    63.2  1003.7     4.6    264     0.2     0.0     6.4     4.5
    31   21.00     0.2    62.9  1004.4     4.1    239     0.2     0.0    10.1     5.0
    31   22.00     1.0    59.6  1004.5     3.2    272     0.2     0.0    11.3     5.0
    31   23.00    -0.8    62.9  1005.1     2.5    104     0.2     0.0     5.2     5.5
    31   24.00    -1.9    61.8  1005.4     2.7    225     0.2     0.0     1.7     5.0
