    day   time   temp    humid  presur    wind   wdir    rain    int     skow     pasq
    
    32    1.00    -2.6    65.7  1005.6     3.4    174     0.0     0.0     5.4     5.0
    32    2.00    -2.2    65.7  1005.3     2.6    216     0.0     0.0     5.3     5.5
    32    3.00    -2.0    63.1  1005.2     2.1    213     0.0     0.0     4.7     5.5
    32    4.00    -2.1    63.5  1005.4     3.2    258     0.0     0.0     3.7     5.0
    32    5.00    -2.1    63.6  1006.2     4.5    303     0.0     0.0     3.9     5.0
    32    6.00    -0.7    72.3  1006.5     5.1    275     0.4     0.8     7.3     4.5
    32    7.00     0.3    73.6  1006.7     4.0    272     0.7     0.0     7.2     5.0
    32    8.00     0.4    69.5  1007.0     3.1    253     0.7     0.0     4.5     5.5
    32    9.00     0.4    69.3  1007.3     4.0    255     0.8     0.4     6.6     5.5
    32   10.00     0.3    71.8  1007.9     4.6    244     1.1     0.0     7.1     5.5
    32   11.00     0.7    71.0  1008.2     6.1    295     1.7     3.6     6.6     4.5
    32   12.00     0.6    67.1  1008.2     7.9    236     2.0     0.0     6.9     4.0
    32   13.01     0.5    65.1  1008.4     7.8    236     2.1     0.4     7.1     4.0
    32   14.00     1.1    60.5  1008.8     6.1    244     2.1     0.0     7.1     5.0
    32   15.00     1.7    49.5  1009.0     6.7    241     2.1     0.0     4.7     4.5
    32   16.00     1.9    39.7  1009.1     7.3    292     2.1     0.0     8.5     4.0
    32   17.00    -0.8    42.2  1009.6     8.2    239     2.1     0.0    12.5     4.0
    32   18.00    -2.1    44.0  1010.4     9.8    236     2.1     0.0    13.1     3.5
    32   19.00    -3.2    45.3  1011.6     6.0    241     2.1     0.0    15.1     4.5
    32   20.01    -3.0    47.4  1012.5     3.8    278     2.1     0.0     6.1     4.5
    32   21.00    -3.3    48.7  1013.1     8.8    289     2.1     0.0     5.7     4.0
    32   22.00    -3.8    46.1  1014.2     8.4    247     2.1     0.0     9.6     4.5
    32   23.01    -4.2    44.0  1014.8     8.9    236     2.1     0.0    21.6     4.5
    32   24.00    -4.8    45.0  1015.2     7.8    284     2.1     0.0     5.3     4.5
    33    1.00    -4.4    43.1  1015.4     8.0    255     0.0     0.0     5.5     4.0
    33    2.00    -4.9    42.5  1015.8     8.5    295     0.0     0.0     7.4     4.5
    33    3.00    -4.4    43.7  1016.1     6.7    236     0.0     0.0     5.3     4.0
    33    4.00    -6.9    44.1  1016.4     5.5    286     0.0     0.0     5.3     4.5
    33    5.00    -8.6    44.8  1016.6     5.4    281     0.0     0.0     7.6     4.5
    33    6.00    -8.3    44.1  1016.9     4.5    284     0.0     0.0     4.2     4.5
    33    7.00    -8.3    44.6  1017.2     3.2    298     0.0     0.0     6.5     5.0
    33    8.00    -8.9    46.3  1017.7     4.3    241     0.0     0.0     5.1     5.0
    33    9.00    -8.9    40.2  1017.9     5.9    236     0.0     0.0    12.8     4.0
    33   10.00    -9.0    39.6  1018.2     5.1    244     0.0     0.0     4.1     5.5
    33   11.00    -6.4    35.6  1017.8     2.7    275     0.0     0.0     4.0     5.0
    33   12.00    -3.4    31.1  1017.5     2.0    320     0.0     0.0     5.8     4.5
    33   13.00    -0.8    29.8  1017.0     3.3    292     0.0     0.0     7.1     5.5
    33   14.00     1.1    29.6  1015.9     2.5    258     0.0     0.0     5.6     5.5
    33   15.00     0.6    28.8  1015.5     2.4      8     0.0     0.0     6.5     3.5
    33   16.00     0.2    33.5  1016.4     1.3    306     0.0     0.0     5.3     5.0
    33   17.00    -1.4    42.0  1017.3     1.8    270     0.0     0.0     2.2     5.5
    33   18.00    -3.5    49.9  1018.1     2.6    267     0.0     0.0     0.1     6.0
    33   19.00    -5.9    55.8  1019.0     2.4    267     0.0     0.0     3.5     5.5
    33   20.00    -7.3    57.7  1019.4     2.6    171     0.0     0.0     4.5     5.5
    33   21.00    -8.1    59.6  1020.1     2.6    247     0.0     0.0     5.0     5.5
    33   22.00    -8.8    57.0  1020.6     3.3    244     0.0     0.0     5.7     5.0
    33   23.00    -9.4    54.3  1020.8     2.9    174     0.0     0.0     4.7     5.5
    33   24.00    -9.7    52.9  1021.0     6.8    236     0.0     0.0     4.6     5.0
    34    1.00    -8.5    50.7  1021.0     7.0    250     0.0     0.0     4.0     4.5
    34    2.00    -8.2    48.8  1021.4     5.1    253     0.0     0.0     3.5     5.0
    34    3.01    -8.4    47.6  1021.6     3.1    171     0.0     0.0     4.5     5.0
    34    4.00    -8.9    49.5  1021.7     2.7    168     0.0     0.0     4.0     5.0
    34    5.00    -8.2    47.2  1021.8     3.1    168     0.0     0.0     3.6     5.0
    34    6.01    -9.8    49.7  1021.8     2.8    174     0.0     0.0     4.9     5.5
    34    7.00   -10.0    51.4  1022.2     3.0    177     0.0     0.0     3.6     5.5
    34    8.01   -10.7    50.4  1022.3     2.8    250     0.0     0.0     3.6     6.0
    34    9.00    -8.7    42.8  1022.2     2.6    250     0.0     0.0     4.9     5.0
    34   10.00    -6.2    35.3  1021.7     1.8    140     0.0     0.0     7.8     3.0
    34   11.00    -3.8    29.4  1020.9     2.3    140     0.0     0.0     5.9     4.0
    34   12.00    -1.1    26.0  1019.8     2.5    253     0.0     0.0    15.6     4.5
    34   13.00     0.2    24.5  1018.9     1.6    255     0.0     0.0     6.5     5.0
    34   14.00     1.9    23.4  1018.0     1.6    236     0.0     0.0     6.6     5.5
    34   15.00     2.8    21.7  1017.1     1.0    205     0.0     0.0     6.9     4.5
    34   16.00     1.9    23.1  1016.7     1.8    165     0.0     0.0     5.4     5.5
    34   17.00     0.5    26.8  1017.4     1.8    160     0.0     0.0     5.2     4.0
    34   18.00    -1.7    32.8  1018.1     2.4    180     0.0     0.0     2.8     3.0
    34   19.00    -4.1    37.7  1018.2     2.6    227     0.0     0.0     4.5     5.5
    34   20.00    -3.6    32.6  1018.1     3.4    216     0.0     0.0     4.2     5.0
    34   21.00    -4.7    34.2  1018.3     2.9    210     0.0     0.0     3.3     5.0
    34   22.00    -5.1    32.9  1018.6     3.0    182     0.0     0.0     5.5     5.0
    34   23.00    -4.2    30.8  1019.2     2.1    129     0.0     0.0     5.9     5.5
    34   24.00    -3.8    32.6  1019.3     1.9    177     0.0     0.0     4.2     5.5
    35    1.00    -4.3    32.8  1019.1     2.6    194     0.0     0.0     4.5     5.0
    35    2.00    -4.7    35.5  1019.1     2.4    185     0.0     0.0     3.9     5.0
    35    3.00    -4.9    37.4  1019.2     2.7    191     0.0     0.0     3.6     5.0
    35    4.00    -4.3    34.9  1019.4     1.7    188     0.0     0.0     6.6     5.5
    35    5.00    -4.9    35.7  1020.0     2.4     95     0.0     0.0     3.6     5.5
    35    6.00    -3.0    34.6  1020.2     2.4    182     0.0     0.0     3.9     5.0
    35    7.00    -2.9    37.4  1020.2     6.4    233     0.0     0.0     6.9     5.0
    35    8.00    -0.7    46.8  1020.5     8.8    236     0.0     0.0     6.7     4.0
    35    9.00     3.6    38.8  1020.7     7.3    255     0.0     0.0     5.7     4.0
    35   10.01     4.9    34.8  1020.8     7.9    292     0.0     0.0     4.9     4.5
    35   11.00     6.0    32.4  1021.6     8.6    241     0.0     0.0     5.7     5.0
    35   12.00     6.3    32.0  1021.9     3.9     16     0.0     0.0     6.8     5.0
    35   13.00     7.1    30.2  1021.3     4.0    331     0.0     0.0     6.1     5.0
    35   14.00     7.2    30.5  1021.1     3.7    264     0.0     0.0     4.8     5.5
    35   15.00     8.3    28.9  1021.1     5.1    278     0.0     0.0     7.1     5.5
    35   16.01     7.4    31.2  1021.2     3.6    278     0.0     0.0     4.6     5.5
    35   17.01     6.1    31.0  1021.7     2.7    255     0.0     0.0     4.7     5.5
    35   18.00     3.3    46.0  1022.6     1.0    132     0.0     0.0     4.0     5.0
    35   19.00     2.1    50.4  1023.8     3.4    101     0.0     0.0     1.7     5.0
    35   20.00     0.7    54.8  1024.5     2.1    180     0.0     0.0     4.8     5.5
    35   21.00    -0.4    57.9  1024.9     2.1    165     0.0     0.0     3.0     5.5
    35   22.00    -1.8    62.0  1025.3     2.7    174     0.0     0.0     5.1     5.0
    35   23.00    -2.1    62.3  1025.5     2.2    185     0.0     0.0     3.6     5.0
    35   24.00    -3.5    62.0  1025.8     2.2     95     0.0     0.0     3.7     5.5
    36    1.00    -4.5    64.2  1026.0     2.3     92     0.0     0.0    10.1     5.5
    36    2.00    -5.5    64.1  1026.3     2.9    303     0.0     0.0     8.5     5.5
    36    3.00    -6.8    65.1  1026.5     2.6    295     0.0     0.0     4.0     5.5
    36    4.00    -8.0    64.8  1026.5     2.3    309     0.0     0.0     7.7     5.0
    36    5.00    -8.5    63.9  1026.8     2.6    303     0.0     0.0     5.3     5.0
    36    6.00    -8.1    65.8  1027.3     2.4     98     0.0     0.0    10.6     5.5
    36    7.00    -8.0    67.0  1027.6     1.7     92     0.0     0.0     6.8     5.5
    36    8.00    -7.5    67.9  1028.1     1.0    267     0.0     0.0     6.0     4.0
    36    9.00    -6.9    69.6  1028.3     1.8    118     0.0     0.0    10.5     3.5
    36   10.01    -6.4    70.2  1028.6     1.0     64     0.0     0.0    13.2     3.5
    36   11.00    -6.0    69.1  1028.7     1.0     70     0.0     0.0    10.1     4.5
    36   12.00    -5.2    64.6  1028.0     1.0     64     0.0     0.0     9.7     4.5
    36   13.00    -3.8    58.5  1027.1     1.0    154     0.0     0.0     5.3     4.0
    36   14.00    -2.9    54.9  1026.4     2.3    267     0.0     0.0     8.8     4.5
    36   15.00    -3.0    52.6  1025.6     1.7    160     0.0     0.0    13.6     4.0
    36   16.00    -4.0    56.7  1025.2     2.2    213     0.0     0.0     6.1     4.0
    36   17.00    -4.8    64.3  1025.5     2.0    230     0.0     0.0     5.7     4.5
    36   18.00    -5.1    65.6  1025.8     2.0    258     0.0     0.0     9.8     5.5
    36   19.00    -5.4    63.3  1026.2     2.7    236     0.0     0.0     8.5     5.5
    36   21.00    -6.4    64.2  1025.9     1.0    326     0.0     0.0     4.2     5.0
    36   22.00    -5.8    65.4  1025.7     1.2    295     0.0     0.0    12.4     5.0
    36   23.00    -6.4    64.6  1025.6     1.0     30     0.0     0.0    10.3     4.0
    36   24.00    -5.8    64.4  1025.4     2.9     84     0.0     0.0     9.2     4.0
    37    1.00    -5.4    56.3  1024.9     6.0     81     0.0     0.0     7.0     4.5
    37    2.00    -5.5    49.2  1024.5     5.6     61     0.0     0.0     7.6     4.5
    37    3.00    -6.0    59.3  1024.2     4.0     75     0.0     0.0    11.7     4.0
    37    4.00    -6.1    60.2  1023.9     3.3     42     0.0     0.0    13.0     4.0
    37    5.00    -5.7    60.7  1023.6     4.9     78     0.0     0.0     8.7     4.5
    37    6.00    -5.9    63.3  1023.2     3.8     73     0.0     0.0     4.8     5.0
    37    7.00    -5.8    64.8  1022.5     4.6    109     0.0     0.0     3.2     5.0
    37    9.00    -5.2    66.0  1021.5     5.8     73     0.0     0.0     3.0     5.0
    37   10.00    -4.5    64.2  1020.2     5.2     64     0.0     0.0     8.3     4.5
    37   11.00    -3.9    63.4  1019.7     5.6    104     0.0     0.0     3.9     5.5
    37   12.00    -3.6    62.6  1018.9     6.5    104     0.0     0.0     3.5     5.5
    37   13.00    -3.7    63.6  1018.2     5.9     98     0.0     0.0     3.3     5.0
    37   14.00    -3.1    68.7  1017.6     3.4     53     0.3     0.8     4.8     5.5
    37   15.00    -2.9    72.5  1016.9     2.8     81     1.1     0.8     3.7     5.5
    37   16.00    -2.1    72.3  1015.8     3.4    101     1.5     0.4     3.2     5.5
    37   17.00    -3.2    69.5  1015.5     2.6    233     2.2     0.8     5.6     4.5
    37   18.00    -3.6    69.3  1015.6     2.7    230     2.4     0.0     5.8     5.5
    37   19.00    -3.8    65.9  1015.6     1.7    258     2.4     0.0     5.0     5.5
    37   20.00    -4.0    64.0  1015.4     2.6    247     2.4     0.0     6.0     5.5
    37   21.00    -4.2    63.9  1015.4     3.0    233     2.4     0.0     7.1     5.5
    37   22.00    -3.8    64.0  1015.1     2.8    233     2.4     0.0    10.0     5.0
    37   23.00    -3.6    64.0  1014.9     2.8    233     2.5     0.0     7.9     5.0
    37   24.00    -3.6    66.0  1014.5     2.3    233     2.6     0.0     5.6     5.5
    38    1.00    -3.5    64.6  1014.4     2.5    239     0.0     0.0     4.4     5.5
    38    2.00    -3.7    64.5  1014.3     1.6    247     0.0     0.0     6.1     4.0
    38    3.00    -3.7    67.3  1014.1     2.6     92     0.0     0.0    10.9     4.5
    38    4.00    -3.0    69.1  1014.0     5.2     92     0.0     0.0     4.1     5.0
    38    5.00    -3.0    67.3  1013.6     4.4     92     0.0     0.0     4.2     5.0
    38    6.00    -3.1    65.7  1013.4     3.7     95     0.0     0.0     9.2     4.5
    38    7.00    -2.9    66.8  1013.6     3.5     92     0.0     0.0     5.5     5.0
    38    8.00    -2.8    67.4  1013.4     2.7     92     0.0     0.0     3.2     5.5
    38    9.00    -2.1    66.2  1013.7     2.9     98     0.0     0.0     5.3     5.5
    38   10.00    -1.7    61.2  1013.5     2.7     92     0.1     0.0     4.6     5.0
    38   11.00    -0.3    53.0  1013.1     2.8     16     0.1     0.0    13.2     3.0
    38   12.00    -0.4    55.9  1013.2     2.0     22     0.1     0.0     6.6     5.0
    38   13.00    -0.6    58.4  1013.0     2.6     90     0.1     0.0     6.4     4.5
    38   14.00    -0.8    61.8  1013.0     2.0      2     0.1     0.4     6.0     5.0
    38   15.00    -0.5    64.1  1012.9     1.8    340     0.2     0.0     5.6     5.0
    38   16.01    -0.2    65.0  1012.9     1.9    343     0.3     0.0     5.2     4.5
    38   17.00    -1.3    69.6  1013.1     4.7     45     0.3     0.0     5.5     4.0
    38   18.01    -2.0    69.8  1013.7     4.4     39     0.3     0.0     6.6     4.5
    38   19.00    -2.6    69.1  1014.0     6.7     67     0.3     0.4     5.6     4.0
    38   20.00    -3.4    69.0  1014.3     7.4     92     0.4     0.0     3.3     5.0
    38   21.00    -3.6    66.9  1014.6     6.9     92     0.4     0.0     5.2     5.5
    38   22.01    -3.7    65.5  1014.6     6.7     59     0.4     0.0     5.0     5.0
    38   23.00    -4.1    67.1  1014.7     3.6     47     0.6     1.2     7.6     5.0
    38   24.00    -4.5    67.7  1014.4     3.6     59     0.7     0.0     4.4     4.0
    39    1.00    -4.4    65.8  1014.2     3.4     92     0.0     0.4     7.2     4.5
    39    2.00    -4.5    66.7  1014.1     2.3     36     0.4     0.4     5.7     4.0
    39    4.00    -4.7    67.0  1013.2     2.1    345     1.5     0.8     4.4     4.5
    39    5.00    -4.8    67.8  1013.0     2.7    112     2.1     0.0     3.6     4.5
    39    6.00    -5.0    68.3  1012.9     1.8     39     2.8     1.2     3.6     4.5
    39    7.00    -4.8    66.9  1013.1     2.8    109     3.4     0.8     4.2     4.5
    39    8.01    -4.7    65.3  1013.1     2.0     95     3.7     0.0     9.0     4.5
    39    9.00    -4.1    62.1  1013.2     1.5    174     3.9     0.0     5.7     5.0
    39   10.00    -4.0    58.2  1013.1     2.1    135     3.9     0.0     7.3     5.0
    39   11.00    -2.7    52.7  1013.1     2.1    132     4.0     0.4     9.9     4.5
    39   12.00    -1.5    47.0  1012.7     1.9    149     4.0     0.0    11.0     3.5
    39   13.00    -2.7    48.8  1011.9     1.9    205     4.2     0.0    10.0     4.0
    39   14.00    -4.7    57.8  1011.6     4.4    104     4.2     0.0     6.7     5.5
    39   15.00    -4.5    59.6  1011.4     3.5    163     4.7     0.8     4.7     5.5
    39   16.00    -4.6    60.8  1011.2     3.1    146     5.2     0.4     5.4     5.5
    39   17.00    -5.1    63.2  1011.1     2.8    123     5.4     0.0     5.5     5.5
    39   18.00    -5.2    63.5  1011.1     2.6    120     5.6     0.0     6.3     5.5
    39   19.00    -5.5    64.3  1011.4     2.7    123     5.7     0.0     6.6     5.5
    39   20.00    -5.3    64.2  1011.6     2.8    123     5.7     0.0     5.2     5.5
    39   21.00    -5.6    64.5  1011.8     3.4    126     5.8     0.0     3.9     5.5
    39   22.00    -6.3    64.0  1011.7     2.8    123     5.8     0.0     4.5     5.5
    39   23.00    -7.0    61.1  1011.3     2.4    118     5.8     0.0     4.5     5.5
    39   24.00    -8.6    58.8  1011.8     2.6    101     5.8     0.0     3.6     4.0
    40    1.00    -9.3    61.6  1011.5     3.6    143     0.0     0.0     4.5     5.5
    40    2.00    -9.9    62.1  1011.5     2.8    177     0.0     0.0     4.6     5.5
    40    3.01    -9.5    60.8  1011.7     2.3    101     0.0     0.0     3.0     5.5
    40    4.00   -10.6    59.3  1011.6     2.4    118     0.0     0.0     6.2     5.0
    40    5.00    -9.5    61.2  1011.5     2.3    168     0.0     0.0     5.2     4.0
    40    6.00    -7.6    61.4  1011.6     1.8    120     0.0     0.0     5.1     4.5
    40    7.00    -6.8    60.0  1011.6     1.6    188     0.0     0.0     4.9     5.5
    40    8.00    -5.8    59.2  1012.0     1.6    129     0.0     0.0     3.6     5.5
    40    9.00    -4.5    57.1  1012.3     1.8    180     0.0     0.0     5.7     5.0
    40   10.00    -1.0    51.2  1012.4     1.0    149     0.0     0.0     8.9     4.5
    40   11.00    -0.9    48.1  1012.6     2.1     90     0.0     0.0     4.8     5.5
    40   12.00    -0.4    45.0  1012.4     2.2      8     0.0     0.0     4.6     5.5
    40   13.00     2.0    37.5  1011.5     2.4     25     0.0     0.0     6.0     5.5
    40   14.00     2.3    35.7  1010.8     2.6     30     0.0     0.0     3.7     5.5
    40   15.00     1.3    39.9  1010.3     2.6     28     0.0     0.0     3.0     5.5
    40   17.01    -0.1    43.9  1011.2     1.9     14     0.0     0.0     5.6     5.0
    40   18.00    -2.8    52.5  1011.7     3.4     45     0.0     0.0     4.1     3.5
    40   19.00    -4.3    55.5  1012.4     1.3    101     0.0     0.0     4.6     5.5
    40   20.00    -5.1    57.2  1013.0     1.8    120     0.0     0.0     8.4     5.0
    40   21.00    -6.6    60.1  1013.3     2.0    340     0.0     0.0     8.9     4.0
    40   22.00    -6.3    65.2  1013.4     2.8    309     0.0     0.0     5.4     4.5
    40   23.00    -6.2    68.1  1013.7     2.8    317     0.0     0.0     4.6     5.0
    40   24.00    -8.3    63.9  1014.1     2.1    315     0.0     0.0     4.6     5.0
    41    1.00    -8.5    65.3  1014.4     2.5    315     0.0     0.0    18.0     3.5
    41    2.00    -7.6    67.8  1014.0     3.3    309     0.0     0.0     7.4     4.5
    41    3.00    -6.9    67.9  1014.3     3.0    312     0.0     0.0     7.1     3.5
    41    4.00    -6.7    69.4  1013.9     2.6      5     0.0     0.0     4.0     4.0
    41    5.00    -7.9    65.4  1014.2     1.9    340     0.0     0.0     6.9     4.0
    41    6.00    -8.3    63.6  1014.0     1.6    312     0.0     0.0    20.8     3.5
    41    7.00    -8.3    62.2  1013.8     1.7     39     0.0     0.0     9.2     4.0
    41    8.00    -8.3    62.9  1013.7     3.6     70     0.0     0.0    11.2     4.0
    41    9.00    -8.1    62.1  1013.9     2.8     73     0.0     0.0     3.2     4.5
    41   10.00    -7.6    63.6  1013.6     3.4     95     0.0     0.0     4.9     4.5
    41   11.00    -7.2    62.4  1013.5     2.6     50     0.0     0.0     7.8     4.5
    41   12.00    -6.6    59.4  1013.1     3.7     53     0.0     0.0     5.0     3.5
    41   14.00    -3.6    55.6  1244.6     2.6     56     0.0     0.0    23.7     4.0
    41   17.00    -3.3    64.4  1239.8     2.7    188     4.3     1.2    26.6     3.5
    41   18.00    -2.7    61.7  1239.2     1.5    115     4.9     0.8    21.4     4.0
    41   19.00    -3.4    62.1  1237.6     1.0    104     5.5     1.2    17.6     4.5
    41   21.00    -4.2    62.2  1235.0     2.0    348     8.9     2.4    19.3     4.0
    41   22.00    -3.7    62.3  1233.9     2.6    233    75.3     0.0    20.5     4.5
    41   23.00    -3.2    61.0  1232.9     1.7    286    75.3     0.0    14.9     5.0
    41   24.00    -3.1    60.6  1232.9     3.3    284    75.4     0.0    25.6     4.5
    42    1.00    -2.7    60.8  1232.0     1.7    284     0.0     0.8    33.1     3.5
    42    2.00    -1.7    62.2  1231.6     2.6    300     0.0     0.0    24.6     3.5
    42    3.00    -0.8    62.6  1230.9     2.0    267     0.1     0.0    19.2     4.5
    42    4.00    -1.2    62.9  1229.5     1.1    160     0.1     0.0    16.8     3.5
    42    5.00    -1.3    62.8  1229.1     2.7    284     0.1     0.0    18.5     4.0
    42    6.00    -0.5    63.4  1229.3     2.1    261     0.1     0.0    15.4     4.0
    42    7.00    -0.2    64.1  1228.6     1.0     25     0.1     0.0    28.0     3.0
    42    8.00    -0.4    70.5  1228.6     2.1    205     0.1     0.0    33.6     3.0
    42   13.00     1.2    63.6  1000.6     1.8    191     2.9     0.0     2.2     6.0
    42   14.00     1.6    64.2   999.8     2.0    255     2.9     0.0     3.3     6.0
    42   15.00     1.8    61.2   999.9     1.0     78     3.2     0.0     2.8     6.0
    42   16.00     1.7    63.8  1000.4     0.7    163     4.6     0.0     2.4     6.0
    42   17.00     1.6    64.4  1000.8     1.4    165     0.3     0.0     3.3     6.0
    42   18.00     1.4    66.9  1000.8     1.0     28     0.3     0.0     0.1     6.0
    42   19.00     1.2    69.8  1001.8     1.0    120     0.3     0.0     0.1     6.0
    42   20.00     1.1    72.0  1002.1     0.7    289     0.3     0.0     0.1     6.0
    42   21.00     1.2    71.6  1002.4     1.0    126     0.3     0.0     6.5     5.5
    42   22.00     1.3    71.4  1002.9     1.0    303     0.3     0.0     3.3     4.5
    42   23.00     1.0    74.2  1003.3     1.0     39     0.3     0.0     2.2     6.0
    42   24.00     1.3    74.4  1003.6     1.0     75     0.3     0.0     0.1     6.0
    43    1.00     1.1    75.1  1004.1     1.0    210     0.3     0.0     2.8     4.0
    43    2.00     1.1    76.0  1004.4     1.0    326     0.3     0.0     2.0     5.5
    43    3.00     1.1    76.4  1004.9     1.0    188     0.3     0.0     0.1     6.0
    43    4.00     1.2    76.8  1005.1     1.0     92     0.3     0.0     2.6     6.0
    43    5.00     1.1    76.9  1005.5     1.0    118     0.3     0.0     1.7     6.0
    43    6.00     1.0    77.9  1005.9     1.6    205     0.3     0.0     4.4     5.0
    43    7.00     1.2    78.4  1006.5     1.8    182     0.3     0.0     2.0     5.5
    43    8.00     1.0    79.1  1006.7     1.6    281     0.3     0.0     3.0     5.5
    43    9.00     1.3    80.1  1007.3     2.0    233     0.3     0.0     3.7     6.0
    43   10.00     1.7    78.6  1007.6     1.0    230     0.3     0.0     2.2     6.0
    43   11.00     2.2    77.2  1007.7     2.4    163     0.3     0.0    13.6     5.0
    43   12.00     2.8    68.5  1007.7     1.0     70     0.1     0.0     2.4     5.0
    43   13.00     3.2    65.1  1007.7     1.0    348     0.1     0.0     6.7     5.5
    43   14.00     2.4    69.6  1007.7     1.0      2     0.1     0.0     5.5     5.0
    43   15.00     1.9    72.5  1007.2     3.2     14     0.1     0.0     3.3     5.0
    43   16.00     1.7    73.2  1007.2     4.2     42     0.1     0.0     8.3     3.5
    43   17.00     0.6    77.6  1006.7     4.1     84     0.1     0.0     2.8     6.0
    43   18.00     0.0    79.9  1006.9     4.1    101     0.1     0.0     0.1     6.0
    43   19.00     0.3    79.1  1007.3     2.3     61     0.1     0.0     3.6     5.0
    43   20.00    -0.2    81.1  1006.7     4.6     59     0.1     0.0     2.4     4.5
    43   21.00     1.1    79.7  1006.3     1.7     19     0.1     0.0     4.1     5.5
    43   22.00     0.4    79.0  1005.6     1.0    135     0.1     0.0     1.4     5.5
    43   23.00     0.6    82.8  1004.3     4.2     67     0.1     0.0     1.4     5.0
    43    0.00     1.0    82.9  1002.5     4.8     50     0.6     0.8     5.3     4.5
    44    1.00     1.0    76.9  1001.9     4.4    129     0.3     0.0     4.4     4.5
    44    2.00     0.9    78.5  1001.1     3.3    149     0.4     0.0    11.0     5.0
    44    3.00     0.6    79.4   999.9     3.0     75     0.4     0.0     5.7     5.0
    44    4.00     0.7    78.3   999.8     2.5    174     0.4     0.0     5.7     5.5
    44    5.00     0.5    77.8   999.8     2.1    270     0.4     0.0     7.7     5.0
    44    6.00     0.6    77.1  1000.3     4.1    233     0.4     0.0     6.3     5.0
    44    7.00     0.7    76.7  1001.3     3.0    233     0.4     0.0     8.2     5.0
    44    8.00     0.7    75.7  1001.4     3.6    174     0.4     0.0     4.4     4.0
    44    9.00     1.1    73.2  1001.8     2.4    160     0.4     0.0     6.2     4.5
    44   10.00     1.4    67.9  1002.2     2.8    241     0.4     0.0     5.6     5.0
    44   11.00     2.6    61.1  1002.7     3.5    275     0.4     0.0     6.2     5.0
    44   12.00     4.3    52.7  1002.4     2.6    126     0.4     0.0     8.2     4.5
    44   13.00     5.0    50.0  1001.9     4.6    272     0.4     0.0     9.0     5.0
    44   14.00     4.4    48.3  1002.4     8.5    239     0.4     0.0    10.3     4.0
    44   15.00     3.3    43.8  1002.9     9.2    298     0.4     0.0     5.4     4.0
    44   16.00     2.3    56.6  1004.4     7.7    309     0.4     0.0     4.2     4.0
    44   17.00     1.1    72.0  1005.4     9.8    300     0.4     0.0     5.0     4.0
    44   18.00     1.0    69.6  1006.8     8.2    255     0.4     0.0     4.0     4.5
    44   19.00     1.2    67.6  1007.4     6.4    258     0.5     0.0     4.6     4.5
    44   20.00     2.7    48.7  1008.0     5.9    272     0.5     0.0     5.6     4.5
    44   21.00     2.8    45.4  1008.9     7.0    261     0.5     0.0    15.6     4.5
    44   22.00     3.0    46.1  1009.5     6.1    289     0.5     0.0     6.2     4.5
    44   23.00     2.5    45.8  1009.7     6.9    312     0.5     0.0     3.7     4.0
    44   24.00     2.1    47.9  1010.0     5.9    272     0.5     0.0    10.6     4.5
    45    1.00     1.0    53.2  1010.6     9.9    258     0.0     0.0    14.8     4.5
    45    2.00     2.0    46.6  1010.5     7.0    292     0.0     0.0     5.2     4.0
    45    3.00     1.5    46.7  1011.1     9.1    250     0.0     0.0     4.5     4.0
    45    4.00     0.7    49.1  1011.4     7.6    250     0.0     0.0     7.5     4.0
    45    5.00     1.2    46.2  1011.8     7.3    244     0.0     0.0     8.2     4.5
    45    6.00    -0.2    53.7  1012.1     7.3    230     0.0     0.0     6.6     5.0
    45    7.00     1.4    45.3  1012.7     7.1    255     0.0     0.0    15.0     5.0
    45    8.00     1.5    44.3  1012.9     7.3    255     0.0     0.0     6.7     4.5
    45    9.00     2.5    40.3  1013.1     3.3    244     0.0     0.0     5.6     5.5
    45   10.00     3.6    36.2  1012.6     4.0    244     0.0     0.0     8.4     5.0
    45   11.00     5.5    32.0  1011.8     3.1    250     0.0     0.0    13.7     4.5
    45   12.00     5.3    32.3  1011.0     3.8    219     0.0     0.0    10.0     5.0
    45   13.00     6.1    32.9  1010.0     2.1    241     0.0     0.0     7.8     5.0
    45   14.00     5.3    34.1  1009.6     3.2    194     0.0     0.0     7.1     5.0
    45   15.00     6.0    31.8  1009.1     1.1    222     0.0     0.0     4.1     5.0
    45   16.00     5.3    32.5  1009.1     2.4    165     0.0     0.0     3.9     5.5
    45   17.00     4.2    38.0  1008.6     3.2    135     0.0     0.0     7.5     5.5
    45   18.00     3.5    42.0  1008.6     2.7    123     0.0     0.0     4.8     5.0
    45   19.00     3.4    42.0  1008.9     2.1    106     0.0     0.0     6.4     5.5
    45   20.00     3.3    41.6  1008.6     2.6     78     0.0     0.0     5.3     5.5
    45   21.00     3.4    43.1  1008.4     2.7    101     0.0     0.0     5.5     5.5
    45   22.00     2.5    52.7  1007.7     2.1     25     0.0     0.0     3.7     5.5
    45   23.00     2.8    49.8  1006.7     4.9    337     0.0     0.0     3.6     5.0
    45   24.00     2.4    53.7  1006.2     4.3    348     0.0     0.0     6.9     5.0
    46    1.00     2.2    51.8  1005.6     3.7      2     0.0     0.0     6.7     5.0
    46    2.00     1.4    62.8  1004.8     3.4    348     0.2     0.4     6.0     5.0
    46    3.00     1.1    68.4  1004.4     2.9    329     1.1     1.2     4.7     5.5
    46    4.00     0.7    76.7  1003.4     3.4    317    47.2     0.0     3.9     5.0
    46    5.00     0.6    79.9  1003.4     3.7    292    47.7     0.0     5.0     5.0
    46    6.00     0.5    80.5  1003.1     4.2    286    93.8     1.2     4.6     4.5
    46    7.00     0.7    80.2  1002.9     3.6    295    94.6     1.2     4.8     4.5
    46    8.00     0.9    77.7  1003.6     4.2    270    95.5     0.8     3.7     5.5
    46    9.00     1.1    80.9  1004.2     4.0    270   128.3     1.2     5.0     5.5
    46   10.00     1.2    76.0  1004.7     5.1    267   128.9     0.0     4.5     5.5
    46   11.00     1.5    78.8  1005.7     4.3    264   129.5     0.8     3.6     5.5
    46   12.00     1.8    78.1  1006.1     4.9    267   129.5     1.2     5.4     5.5
    46   13.00     2.0    76.6  1006.2     5.4    267   129.5     0.0     4.6     5.5
    46   14.00     1.4    77.2  1006.7     6.4    309   129.5     0.0     3.2     4.5
    46   15.00     1.9    72.9  1007.3     6.4    258   129.5     0.0     5.4     4.0
    46   16.00     2.0    66.0  1007.8     5.2    261   129.5     0.0     4.6     5.5
    46   17.00     2.8    61.0  1008.2     3.2    264   129.5     0.0    10.0     4.5
    46   18.00     1.8    63.4  1008.6     4.3    230   129.5     0.0     9.4     5.5
    46   19.00     1.7    53.7  1009.3     5.1    239   129.5     0.0     4.9     4.5
    46   20.00     1.3    52.9  1010.1     5.1    239   129.5     0.0     4.6     5.0
    46   21.00     0.5    53.9  1010.7     4.8    250   129.5     0.0     7.1     5.0
    46   22.00    -0.5    56.9  1011.0     1.8    255   129.5     0.0     4.9     5.5
    46   23.00    -0.7    57.0  1011.6     3.2    222   129.5     0.0     4.9     5.0
    46    0.00    -1.3    58.2  1012.2     3.0    227   129.5     0.0     6.1     5.0
    47    1.00    -2.0    60.1  1012.8     3.1    219     0.0     0.0     2.8     5.0
    47    2.00    -3.0    62.9  1012.7     2.5    236     0.0     0.0     6.2     5.0
    47    3.00    -3.9    64.8  1012.5     2.6    233     0.0     0.0     4.8     5.5
    47    4.00    -5.1    65.9  1012.6     2.4    236     0.0     0.0     3.0     5.5
    47    5.00    -6.1    66.0  1013.4     2.7    126     0.0     0.0     5.1     5.5
    47    6.00    -6.3    65.2  1013.4     1.8    236     0.0     0.0     5.3     5.5
    47    7.00    -6.5    64.6  1013.5     2.1    123     0.0     0.0     5.7     5.5
    47    8.00    -5.9    63.5  1014.3     2.5    230     0.0     0.0     4.0     5.0
    47    9.00    -4.1    61.2  1014.0     1.9    143     0.0     0.0     6.4     5.0
    47   11.00     0.6    46.5  1005.0     3.4    337     0.0     0.0    20.5     4.0
    47   15.00     3.4    41.9  1005.0     2.6     16     0.0     0.0    27.1     3.5
    47   16.00     3.3    44.2  1004.7     2.8      0     0.0     0.0    30.6     4.0
    47   17.00     2.8    49.3  1004.5     1.9     11     0.0     0.0    28.4     4.0
    47   18.00     1.3    53.9  1004.9     1.7     73     0.0     0.0    25.4     4.0
    47   19.00     0.1    59.2  1004.5     2.4     92     0.0     0.0    26.0     4.0
    47   20.00     0.1    57.0  1004.7     1.7    334     0.0     0.0    18.1     4.0
    47   21.00     0.2    60.2  1004.9     1.7    329     0.0     0.0     7.4     5.0
    47   22.00    -1.3    67.0  1004.7     1.8    309     0.0     0.0    21.4     4.5
    47   23.00    -1.6    71.6  1004.2     1.8      8     0.0     0.0    27.8     4.0
    47   24.00    -1.0    70.3  1004.2     1.8    320     0.0     0.0    22.9     3.5
    48    1.00    -1.6    69.4  1003.5     1.5    323     0.0     0.0    16.9     4.0
    48    2.00    -1.6    68.8  1003.0     2.1    286     0.0     0.0    26.2     4.0
    48    3.00    -1.4    68.5  1003.4     1.8    267     0.0     0.0    37.9     4.0
    48    4.00    -1.4    71.7  1002.6     1.6    331     0.0     0.0    32.0     4.0
    48    5.00    -1.3    71.0  1002.4     1.9    357     0.0     0.0    22.2     4.0
    48    6.00    -1.0    69.8  1001.8     2.0     98     0.0     0.0    32.1     4.0
    48    7.00    -0.6    68.6  1001.4     2.2    132     0.0     0.0    22.5     4.5
    48    8.00     0.0    67.9  1001.4     1.6    157     0.2     0.4    17.9     4.0
    48    9.00     0.3    67.6  1001.2     1.7     61     0.7     0.4    31.4     4.0
    48   10.00     0.1    71.5  1000.9     2.3     92     0.9     0.4    31.7     4.0
    48   11.00     0.6    72.3  1000.8     2.0     30     1.3     1.6    23.5     3.5
    48   12.00     0.7    69.8  1000.7     1.8      8     2.2     1.6    17.4     4.0
    48   13.00     0.9    69.0  1000.5     1.0     16     3.2     2.0    22.9     2.5
    48   14.00     1.4    70.8  1000.0     1.0     11     4.2     1.2    28.3     2.0
    48   15.00     1.3    71.4   999.6     1.0    354     4.5     0.0    33.2     3.0
    48   16.00     1.5    71.9   999.3     1.0     11     4.8     0.4    31.4     2.5
    48   17.00     1.3    73.4   999.2     1.4    343     4.9     0.0    32.6     2.5
    48   18.00     1.2    74.0   999.5     1.0      2     4.9     0.0    32.9     3.0
    48   19.00     1.3    75.7   999.4     1.0    348     4.9     0.0    31.9     4.0
    48   20.00     1.0    77.0   999.8     1.0    300     4.9     0.0    20.7     4.0
    48   21.00     1.2    79.5   999.6     1.0    351     5.0     0.0    29.1     4.5
    48   22.00     1.1    79.2   999.9     1.0    298     5.2     0.0     8.2     4.5
    48   23.00     1.0    79.7  1000.0     1.0    264     5.2     0.0    22.2     4.5
    48   24.00     1.1    80.4  1000.0     1.0    278     5.2     0.0    21.5     4.5
    49    1.00     1.1    81.0  1000.2     1.7    270     0.0     0.0    25.8     4.0
    49    2.00     1.2    81.2  1000.1     2.0    312     0.0     0.0    26.0     4.0
    49    3.00     1.1    81.3  1000.1     1.7    241     0.0     0.0    20.6     4.5
    49    4.00     1.2    81.1   999.7     1.5    309     0.0     0.0    15.0     4.0
    49    5.00     1.4    81.0   999.7     1.8    244     0.0     0.0    43.4     3.5
    49    6.00     1.2    80.7   999.6     1.0    244     0.0     0.0    29.1     4.0
    49    7.00     1.3    80.7   999.5     1.0    261     0.0     0.0    20.0     4.5
    49    8.00     1.5    80.6   999.7     1.8    253     0.0     0.0    17.0     4.5
    49    9.00     1.8    80.4   999.9     1.0    216     0.0     0.0    13.3     4.5
    49   10.00     1.9    79.9   999.9     1.2    289     0.0     0.4    19.7     4.0
    49   11.00     2.7    79.3   999.6     1.1    185     0.4     0.4    24.6     3.5
    49   12.00     3.2    76.6   999.5     1.8    194     0.4     0.0    19.0     4.5
    49   13.00     3.0    68.6   999.1     2.7    233     0.4     0.0    20.8     4.5
    49   14.00     3.1    65.8   998.4     2.1    233     0.4     0.0    23.1     4.0
    49   15.00     3.3    65.9   998.3     2.3    230     0.4     0.0    28.7     4.0
    49   16.00     3.2    71.4   998.6     2.1    261     0.4     0.0    20.9     4.0
    49   17.00     2.8    71.1   998.2     1.0    188     0.7     1.2    21.8     2.0
    49   18.00     2.0    76.6   997.8     2.7    115     1.0     0.0    24.2     1.5
    49   19.00     2.2    77.5   998.7     2.3    208     1.0     0.0    31.3     3.0
    49   20.00     2.0    77.6   999.0     2.7    284     1.0     0.0    24.2     4.0
    49   21.00     2.0    77.8   999.4     2.1    326     1.0     0.0    38.5     3.5
    49   22.00     2.0    78.2   999.7     2.3    205     1.0     0.0    19.3     3.5
    49   23.00     1.6    78.1  1000.4     2.1    230     1.0     0.0    20.4     4.5
    49   24.00     1.4    78.3  1000.8     2.3    258     1.0     0.0    23.8     4.0
    50    1.00     1.1    79.3  1001.2     2.6    261     0.0     0.0    32.7     3.5
    50    2.00     0.7    79.2  1001.3     2.3    182     0.0     0.0    32.6     3.0
    50    3.00     1.0    79.4  1001.4     2.6    208     0.0     0.0    19.4     4.0
    50    4.00     0.9    79.3  1001.5     2.8    199     0.0     0.0    16.4     3.0
    50    5.00     0.7    79.0  1001.9     1.6    182     0.0     0.0    10.6     3.0
    50    6.00     0.7    78.8  1002.2     1.0    154     0.0     0.0    17.6     4.0
    50    7.00     0.3    78.1  1002.7     2.4    154     0.0     0.0    12.8     4.0
    50    8.00     0.9    78.8  1002.9     2.9    191     0.0     0.0    13.6     4.5
    50    9.00     3.1    74.0  1002.9     2.6     95     0.0     0.0    15.7     4.5
    50   10.00     1.3    76.9  1003.0     3.0     90     0.0     0.0    22.1     4.5
    50   11.00     4.1    61.2  1002.3     1.9      5     0.0     0.0    29.1     4.0
    50   12.00     7.0    51.4  1002.1     1.7     98     0.0     0.0    21.8     4.0
    50   13.00     8.0    45.0  1000.9     3.2    354     0.0     0.0    26.9     4.5
    50   14.00     7.9    42.6  1000.1     4.1    348     0.0     0.0    18.5     4.5
    50   15.00     8.3    41.8   998.7     4.6     14     0.0     0.0    17.1     5.0
    50   16.00     8.7    41.1   996.9     4.1      5     0.0     0.0    31.8     4.0
    50   17.00     5.7    52.5   996.8     3.9     84     0.0     0.0    23.6     4.0
    50   18.00     6.9    49.1   995.6     5.9     11     0.0     0.0    23.9     4.0
    50   19.00     5.3    55.1   995.3     5.2     22     0.0     0.0    27.5     4.0
    50   20.00     7.7    47.0   994.5     4.6     11     0.0     0.0    36.3     4.5
    50   21.00     8.6    44.9   993.5     3.5     19     0.0     0.0    34.1     3.5
    50   22.00     5.8    57.1   993.8     3.4    343     0.0     0.0    12.6     4.5
    50   23.00     4.7    59.9   993.0     2.5     98     0.0     0.0    21.5     3.5
    50   24.00     3.2    64.0   991.8     3.1    351     0.0     0.0    19.0     3.5
    51    1.00     3.3    71.3   990.7     4.0    345     0.0     0.0    31.3     3.5
    51    2.00     2.9    73.0   990.3     3.6     87     0.0     0.0    32.0     4.0
    51    3.00     3.0    68.2   990.1     1.7    351     0.0     0.0    17.5     3.5
    51    4.00     2.3    72.4   989.6     1.4    165     0.0     0.0    31.4     3.0
    51    5.00     1.3    72.6   989.1     3.1    286     0.0     0.0    20.8     4.5
    51    6.00     1.5    74.0   989.1     2.8    289     0.0     0.0    29.3     4.0
    51    7.00     1.6    75.8   989.3     2.7    241     0.0     0.0    18.5     4.5
    51    8.00     2.1    77.1   989.3     3.1    225     0.0     0.0    18.1     4.5
    51    9.00     2.5    79.0   989.0     1.8    205     0.0     0.0    20.3     3.0
    51   10.00     3.1    78.7   988.9     2.9    255     0.0     0.0    20.4     4.0
    51   11.00     3.9    70.9   988.8     2.5    267     0.0     0.0    22.2     4.0
    51   12.00     5.5    57.1   988.2     3.2    129     0.0     0.0    28.4     4.0
    51   13.00     7.6    49.6   987.5     1.6    123     0.0     0.0    25.0     2.5
    51   14.00     8.1    46.5   987.5     2.0    205     0.0     0.0    26.6     3.5
    51   15.00     8.5    43.8   986.1     1.0    244     0.0     0.0    34.2     3.0
    51   16.00     6.9    50.2   986.6     2.9    182     0.0     0.0    27.4     3.5
    51   17.00     5.6    56.4   986.4     3.9    227     0.0     0.0    21.2     4.0
    51   18.00     4.4    64.7   985.3     4.8    199     0.0     0.0    33.1     2.0
    51   19.00     4.7    63.1   987.6     9.5    289     0.0     0.0    28.6     4.0
    51   20.00     4.6    71.8   985.7     6.7    354     0.3     0.0    21.4     4.0
    51   21.00     5.3    68.6   985.5     3.4    351     0.4     0.0    19.9     4.0
    51   22.00     4.7    63.6   985.3     3.6    188     0.4     0.0    33.3     2.5
    51   23.00     4.6    64.0   985.6     3.4    345     0.4     0.0    36.2     4.0
    51   24.00     4.1    69.7   985.6     3.6    298     0.4     0.0    17.0     4.5
    52    1.00     4.1    77.2   986.9     6.4    286     0.3     0.4    11.3     4.5
    52    2.00     4.3    78.0   988.0     6.8    286     0.3     0.0    29.3     4.0
    52    3.00     4.7    72.6   988.5     8.2    320     0.3     0.0    23.3     4.0
    52    4.00     4.2    67.2   989.2     6.8    306     0.4     0.0    23.9     3.0
    52    5.00     3.8    67.7   989.4     7.1    239     0.4     0.0    15.8     4.5
    52    6.00     4.0    58.6   989.8     6.1    300     0.4     0.0    20.7     4.0
    52    7.00     3.9    57.4   989.7     5.1    275     0.4     0.0    25.2     4.0
    52    8.00     4.0    56.6   990.4     9.6    261     0.4     0.0    25.1     4.5
    52    9.00     3.9    60.3   990.6     9.5    306     0.4     0.0    26.4     4.5
    52   10.00     4.7    52.6   991.8     5.9    272     0.4     0.0    26.9     4.0
    52   11.00     4.9    44.6   992.2     8.2    292     0.4     0.0    26.3     4.0
    52   12.00     5.3    42.6   992.9     9.1    289     0.4     0.0    26.3     4.5
    52   13.00     4.3    46.2   993.3     9.8    289     0.4     0.0    24.4     4.5
    52   14.00     4.4    47.0   993.7     6.5      2     0.4     0.0    25.8     4.0
    52   15.00     3.9    49.3   994.4     9.9    295     0.4     0.0    25.3     4.0
    52   16.00     4.0    48.2   995.3     9.7    289     0.4     0.0    24.5     4.0
    52   17.00     4.0    47.5   996.2     9.0    357     0.4     0.0    26.3     4.0
    52   18.00     3.7    48.3   997.4     7.8      0     0.4     0.0    25.4     4.0
    52   19.00     3.5    45.3   999.0     8.5    295     0.4     0.0    24.6     4.0
    52   20.00     3.3    46.3  1000.5     7.5    292     0.4     0.0    24.5     4.5
    52   21.00     3.2    44.1  1001.8     9.4    244     0.4     0.0    25.5     4.0
    52   22.00     2.2    50.7  1003.0     6.6    236     0.4     0.0    23.6     4.5
    52   23.00     2.1    50.8  1004.1     7.6    241     0.4     0.0    17.9     4.5
    52   24.00     1.7    48.9  1004.5     7.8    239     0.4     0.0    21.3     4.5
    53    1.00     2.0    45.1  1005.4     7.9    241     0.0     0.0    24.8     4.5
    53    2.00     0.8    47.9  1005.9     5.1    286     0.0     0.0    17.4     5.0
    53    3.00    -0.1    51.4  1006.0     4.6    295     0.0     0.0    26.0     4.5
    53    4.00    -0.4    52.4  1006.3     4.5    236     0.0     0.0    30.5     3.0
    53    5.00    -0.1    44.3  1006.5     2.8      5     0.0     0.0    22.6     3.5
    53    6.00    -2.2    50.4  1006.4     3.8    225     0.0     0.0    34.2     4.0
    53    7.00    -1.3    49.2  1007.3     2.7    233     0.0     0.0    32.2     3.5
    53    8.00     0.4    38.5  1007.7     2.5    126     0.0     0.0    18.4     4.5
    53    9.00     2.2    33.3  1007.8     2.5    205     0.0     0.0    27.9     4.0
    53   10.00     5.6    29.7  1007.8     2.9    106     0.0     0.0    17.7     4.5
    53   11.00     7.9    25.7  1007.4     3.1     67     0.0     0.0    19.2     3.5
    53   12.00     8.1    25.6  1007.2     3.4     59     0.0     0.0    19.2     4.5
    53   13.00     8.5    22.8  1006.3     3.9    196     0.0     0.0    23.7     4.0
    53   14.00     8.2    24.3  1005.9     4.5    177     0.0     0.0    20.1     4.5
    53   15.00     8.3    25.9  1005.7     5.1    115     0.0     0.0    26.0     4.5
    53   16.00     7.0    30.2  1005.4     4.2    109     0.0     0.0    26.8     4.5
    53   17.00     6.4    33.1  1005.4     3.2     45     0.0     0.0    28.0     4.0
    53   18.00     5.6    34.9  1005.2     4.7     59     0.0     0.0    23.8     4.5
    53   19.00     4.8    38.4  1005.2     4.5     53     0.0     0.0    34.2     4.0
    53   20.00     5.0    33.1  1004.8     2.7     42     0.0     0.0    21.4     3.5
    53   21.00     5.9    29.1  1004.6     4.1     33     0.0     0.0    29.9     4.5
    53   22.00     4.4    37.9  1004.3     2.6    343     0.0     0.0    21.8     4.0
    53   23.00     3.6    46.0  1004.2     2.0     11     0.0     0.0    17.9     4.0
    53   24.00     3.2    49.6  1003.5     2.9     30     0.0     0.0    31.5     4.0
    54    1.00     3.1    52.2  1003.2     2.2    320     0.0     0.0    24.4     3.5
    54    2.00     2.6    54.8  1003.5     3.1    306     0.0     0.0    25.8     4.0
    54    3.00     2.4    56.8  1003.3     3.3    278     0.0     0.8    17.4     4.5
    54    4.00     2.3    64.7  1002.8     1.9    272     0.1     0.0    27.9     4.0
    54    5.00     2.2    68.4  1002.7     2.6    289     0.3     0.8    17.8     4.0
    54    6.00     2.3    72.3  1002.7     1.4    255     0.9     0.0    16.4     4.0
    54    7.00     2.0    74.4  1002.6     1.0    227     0.9     0.0    19.5     3.5
    54    8.00     1.7    75.8  1002.6     2.8    168     0.9     0.0    25.4     4.0
    54    9.00     2.3    74.7  1002.7     1.7    258     0.9     0.0    18.2     4.0
    54   10.00     3.7    68.7  1002.3     1.8    295     0.9     0.0    27.7     3.5
    54   11.00     5.5    55.0  1002.0     1.0    199     0.9     0.0    21.1     2.5
    54   12.00     7.7    51.9  1001.5     1.1     59     0.9     0.0    23.1     3.5
    54   13.00     8.6    48.3  1000.6     2.4    182     0.9     0.0    23.4     3.5
    54   14.00     7.8    50.4   999.8     2.1    354     0.9     0.0    25.1     3.0
    54   15.00    10.4    38.7   999.3     2.9    233     0.9     0.0    21.6     3.0
    54   16.00     9.6    44.7   998.9     2.3    227     0.9     0.0    21.6     4.0
    54   17.00     7.5    51.4   998.6     2.1    225     0.9     0.0    22.4     3.5
    54   18.00     6.6    54.3   998.9     2.6    258     0.9     0.0    22.3     4.5
    54   19.00     5.8    57.3   999.4     2.6    315     0.9     0.0    16.6     4.5
    54   20.00     5.8    62.5   999.2     2.6    303     0.9     0.0    16.3     4.5
    54   21.00     5.4    63.8   999.3     4.2    264     0.9     0.0    19.4     4.5
    54   22.00     4.7    63.3   999.4     3.7    281     0.9     0.0    13.3     5.0
    54   23.00     4.6    65.5   999.1     1.0    323     0.9     0.0    21.9     4.0
    54   24.00     4.8    66.3   998.6     3.1    298     0.9     0.0    23.3     4.0
    55    1.00     4.8    63.3   998.1     3.0    295     0.0     0.0    21.4     4.0
    55    2.00     4.1    65.8   998.1     2.7    295     0.0     0.0    24.8     4.0
    55    3.00     3.7    67.6   997.8     1.6    326     0.0     0.0    40.2     4.0
    55    4.00     3.5    68.7   997.6     2.2    320     0.0     0.0    34.2     4.0
    55    5.00     3.3    69.6   997.7     1.6    210     0.0     0.0    15.9     4.5
    55    6.00     3.1    70.8   997.7     3.2    196     0.0     0.0    16.3     4.5
    55    7.00     3.1    70.9   997.4     1.1    213     0.0     0.0    33.0     3.5
    55    8.00     2.7    71.7   997.7     1.3    230     0.0     0.0    18.0     4.0
    55    9.00     3.9    69.0   997.8     1.0    253     0.0     0.0    26.1     3.0
    55   10.00     6.0    62.8   997.4     2.0    191     0.0     0.0    21.2     3.5
    55   11.00     8.5    55.1   997.0     2.0    163     0.0     0.0    32.7     2.5
    55   12.00     9.2    51.9   996.7     2.3    219     0.0     0.0    24.2     2.5
    55   13.00    10.8    44.4   996.0     2.8    348     0.0     0.0    24.4     3.0
    55   14.00    12.1    43.0   995.7     1.7    343     0.0     0.0    29.6     3.0
    55   15.00    13.8    37.0   995.2     1.5    165     0.0     0.0    25.7     2.0
    55   16.00    14.1    34.9   994.8     2.6     33     0.0     0.0    21.2     3.5
    55   17.00    11.1    52.3   994.7     3.1    236     0.0     0.0    23.8     4.5
    55   18.00     9.4    56.5   995.2     2.1    196     0.0     0.0    17.9     4.0
    55   19.00     7.7    64.3   995.7     3.0    255     0.0     0.0    27.5     4.5
    55   20.00     7.3    68.3   996.0     4.2    281     0.0     0.0    23.5     4.5
    55   21.00     6.0    71.8   996.0     4.4    284     0.0     0.0    12.8     4.5
    55   22.00     5.5    75.3   996.0     4.2    284     0.0     0.0    24.3     4.0
    55   23.00     5.4    75.2   996.0     1.5    146     0.0     0.0    26.1     2.0
    55   24.00     5.2    74.7   995.9     2.4    309     0.0     0.0    22.9     4.0
    56    1.00     5.2    73.9   995.9     1.5    278     0.0     0.0    27.0     3.0
    56    2.00     5.2    73.2   996.1     1.7    208     0.0     0.0    20.0     2.5
    56    3.00     5.1    73.4   996.1     1.4    351     0.0     0.0    21.0     3.5
    56    4.00     4.8    74.7   996.2     2.3    199     0.0     0.0    14.7     4.5
    56    5.00     4.4    75.0   996.3     2.3     98     0.0     0.0    12.5     4.0
    56    6.00     4.8    75.7   996.6     1.0    329     0.0     0.0    12.3     4.5
    56    7.00     5.1    77.3   996.8     1.0     33     0.0     0.0    13.7     5.0
    56    8.00     5.5    77.9   997.3     1.0    115     0.0     0.0    23.5     4.0
    56    9.00     6.0    79.2   997.6     2.5    180     0.0     0.0    12.7     4.0
    56   10.00     7.4    76.9   998.1     2.5    213     0.0     0.0    25.4     2.5
    56   11.00     7.9    68.4   998.5     1.0    213     0.0     0.0    24.9     3.5
    56   12.00     8.4    65.4   998.8     1.3    331     0.0     0.0    25.9     4.0
    56   13.00     8.5    66.6   998.5     2.6    345     0.0     0.0    24.0     4.0
    56   14.00     8.7    65.2   998.6     3.4    253     0.0     0.0    26.2     4.0
    56   15.00     9.2    65.5   998.7     3.2    261     0.0     0.0    26.3     4.0
    56   16.00     9.2    63.6   998.9     3.8    278     0.0     0.0    18.1     4.5
    56   17.00     9.0    68.0   999.4     4.2    272     0.0     0.0    16.7     4.5
    56   18.00     8.2    74.4  1000.0     4.2    270     0.0     0.0    26.7     4.0
    56   19.00     7.9    75.0  1000.6     4.6    258     0.1     0.0    23.0     4.5
    56   20.00     7.7    76.8  1000.8     2.9    261     0.3     0.4    19.0     4.5
    56   21.00     7.3    78.4  1001.2     1.8    236     0.3     0.0    16.4     5.0
    56   22.00     7.3    79.2  1001.5     2.3    196     0.3     0.0    14.5     4.0
    56   23.00     6.9    79.7  1001.8     3.3    227     0.4     0.0    17.2     4.5
    56   24.00     6.7    81.0  1001.8     2.6    213     0.5     0.0    35.5     4.0
    57    1.00     6.9    81.8  1002.0     1.6    196     0.0     0.0    34.1     4.0
    57    2.00     6.8    81.7  1002.1     1.0    168     0.0     0.0    30.5     4.0
    57    3.00     6.7    81.7  1002.3     2.1    272     0.0     0.0    28.8     4.0
    57    4.00     6.4    81.5  1002.1     1.0    244     0.0     0.0    31.6     2.5
    57    5.00     6.0    81.7  1002.0     1.0    202     0.0     0.0    22.2     3.5
    57    6.00     4.7    80.5  1001.9     1.0    163     0.0     0.0    23.5     3.0
    57    7.00     3.1    80.9  1001.9     2.1    202     0.0     0.0    16.9     4.0
    57    8.00     2.6    82.8  1002.5     2.3    160     0.0     0.0    16.4     4.0
    57    9.00     4.8    84.0  1002.6     1.6    126     0.0     0.0    21.7     4.0
    57   10.00     6.9    83.8  1002.1     1.4     98     0.0     0.0    17.9     3.5
    57   11.00     8.3    82.0  1001.9     3.4    337     0.0     0.0    32.3     3.5
    57   12.00    12.0    62.8  1001.3     3.4      5     0.0     0.0    33.9     3.5
    57   13.00    13.7    45.0  1000.1     4.6     33     0.0     0.0    24.2     3.5
    57   14.00    14.1    42.0   999.3     4.4     42     0.0     0.0    22.0     4.0
    57   15.00    14.1    42.0   998.4     6.2    106     0.0     0.0    24.9     4.0
    57   16.00    13.5    49.8   997.6     6.7     36     0.0     0.0    26.5     4.0
    57   17.00    11.8    63.2   997.4     5.3     30     0.0     0.0    21.0     4.0
    57   18.00    10.8    68.0   997.5     4.6     22     0.0     0.0    28.4     4.0
    57   19.00    10.0    71.0   997.2     5.1     25     0.0     0.0    16.6     4.5
    57   20.00     9.4    70.8   996.9     4.9     25     0.0     0.0    25.1     4.0
    57   21.00     9.1    71.2   996.5     5.1     42     0.0     0.0    30.0     4.0
    57   22.00     8.9    70.6   996.1     4.7     33     0.0     0.0    23.9     4.0
    57   23.00     8.3    73.6   995.8     5.1     53     0.0     0.0    26.0     4.5
    57   24.00     8.0    74.5   995.6     2.0    340     0.0     0.0    25.0     3.0
    58    1.00     7.4    78.5   994.8     4.6     36     0.0     0.0    16.8     5.0
    58    2.00     7.3    78.8   994.0     4.6     19     0.0     0.0    25.9     4.0
    58    3.00     7.4    77.5   993.3     4.1     11     0.0     0.0    26.7     4.0
    58    4.00     7.0    78.3   992.9     5.1      5     0.0     0.0    15.0     4.5
    58    5.00     6.9    76.1   992.6     5.0     16     0.1     0.0    13.9     5.0
    58    6.00     6.6    78.1   992.8     4.3     11     0.5     1.6    24.6     4.0
    58    7.00     6.2    78.0   993.4     5.1     19     1.6     1.2    27.3     4.0
    58    8.00     6.2    76.6   994.0     5.2     22     1.9     0.0    27.1     4.0
    58    9.00     5.8    77.8   995.0     2.8     11     2.2     1.2    27.6     3.0
    58   10.00     5.6    80.3   995.3     4.3     45     2.5     0.0    24.7     4.0
    58   11.00     6.1    76.1   996.2     3.7    348     2.5     0.0    23.2     4.0
    58   12.00     7.0    69.5   996.9     2.7    317     2.5     0.0    32.0     3.5
    58   13.00     7.5    68.1   997.2     2.7    326     2.5     0.0    20.2     3.5
    58   14.00     7.5    66.6   997.2     2.8    317     2.5     0.0    20.1     3.0
    58   15.00     9.0    58.7   997.6     9.8    323     2.5     0.0    27.0     4.0
    58   16.00     9.9    41.6   998.1     8.3    317     2.5     0.0    26.4     4.0
    58   17.00     8.8    39.8   999.3     8.0    357     2.5     0.0    25.3     4.0
    58   18.00     7.9    43.9  1000.4     9.5    312     2.5     0.0    26.3     4.0
    58   19.00     7.2    46.5  1001.3     7.9    309     2.5     0.0    27.2     4.0
    58   20.00     7.0    49.4  1001.8     7.5    255     2.5     0.0    26.7     4.5
    58   21.00     6.1    53.4  1002.3     5.3    239     2.5     0.0    23.0     4.5
    58   22.00     4.7    58.9  1002.7     4.5    239     2.5     0.0    25.7     4.5
    58   23.00     4.6    61.5  1003.3     3.2    236     2.5     0.0    14.8     5.0
    58   24.00     3.4    65.5  1003.9     5.1    261     2.5     0.0    18.0     4.5
    59    1.00     3.9    66.4  1004.7     5.0    247     0.0     0.0    22.3     4.0
    59    2.00     3.1    67.4  1004.9     5.4    255     0.0     0.0    18.5     4.5
    59    3.00     3.8    66.6  1004.9     3.5    244     0.0     0.0    35.1     4.0
    59    4.00     3.5    66.1  1005.1     4.0    241     0.0     0.0    32.4     4.5
    59    5.00     3.4    65.1  1005.0     3.5    239     0.0     0.0    12.2     5.0
    59    6.00     3.0    66.2  1005.6     3.7    236     0.0     0.0    13.6     5.0
    59    7.00     3.9    64.1  1006.2     3.0    239     0.0     0.0    20.3     3.5
    59    8.00     4.3    62.5  1007.1     2.2    160     0.0     0.0    31.1     3.5
    59    9.00     5.2    60.8  1007.0     1.6    199     0.0     0.0    20.5     3.5
    59   10.00     8.8    43.1  1006.5     2.6    143     0.0     0.0    34.4     3.5
    59   11.00    10.4    36.1  1006.5     1.3    146     0.0     0.0    22.6     1.5
    59   12.00    12.1    30.3  1006.3     2.2     64     0.0     0.0    33.2     2.0
    59   13.00    12.6    30.2  1005.5     2.8     30     0.0     0.0    35.9     3.0
    59   14.00    13.4    27.2  1004.2     2.6     50     0.0     0.0    30.1     3.0
    59   15.00    12.6    28.5  1004.0     3.8     33     0.0     0.0    25.6     3.5
    59   16.00    13.1    29.4  1003.7     3.4     33     0.0     0.0    21.5     3.5
    59   17.00    12.2    34.6  1003.2     3.4     45     0.0     0.0    26.9     4.0
    59   18.00    11.5    40.3  1003.3     4.0     56     0.0     0.0    25.6     4.5
    59   19.00    10.7    50.4  1002.8     4.7     56     0.0     0.0    25.6     4.5
    59   20.00     9.9    54.1  1002.6     3.4     22     0.0     0.0    23.5     3.5
    59   21.00     9.9    55.5  1002.3     3.7      8     0.0     0.0    25.2     4.5
    59   22.00     9.7    59.4  1002.1     3.9      5     0.0     0.0    32.6     4.0
    59   23.00     9.3    62.2  1002.1     3.6    351     0.0     0.0    23.4     4.0
    59   24.00     8.3    69.2  1002.2     3.8    351     0.0     0.0    32.9     4.0
