   day   time   temp    humid  presur    wind   wdir    rain    int     skow     pasq

   182    1.00    22.1    82.5  1009.4     1.0    284     0.0     0.0    41.5     6.0
   182    2.00    21.5    84.0  1009.2     2.3    258     0.0     0.0    53.1     6.0
   182    3.00    20.9    85.5  1009.4     2.6    303     0.0     0.0     0.2     6.0
   182    4.00    20.7    86.9  1009.5     1.0    264     0.0     0.0    26.8     6.0
   182    5.00    20.4    86.6  1009.5     2.5    261     0.0     0.0     6.2     6.0
   182    6.00    19.8    86.7  1009.8     2.6    196     0.0     0.0    18.8     3.0
   182    7.00    20.4    85.6  1010.1     2.6    208     0.0     0.0    45.5     3.0
   182    8.00    20.7    83.1  1010.1     3.8    261     0.0     0.0    23.8     3.0
   182    9.00    23.1    75.6  1010.1     2.4    267     0.0     0.0    24.0     3.0
   182   10.00    26.5    57.7  1009.5     3.1    334     0.0     0.0    32.8     3.0
   182   12.00    29.3    47.7  1009.5     2.6      8     0.6     0.0    40.9     3.0
   182   13.00    30.1    45.8  1009.1     2.8      8     0.8     0.0    66.8     3.0
   182   14.00    29.2    43.4  1007.8     2.5    247     1.0     4.4    62.3     2.0
   182   15.00    30.9    44.3  1006.9     3.3    295     1.1     0.0    63.7     3.0
   182   17.00    31.6    38.3  1002.7     4.2    315     0.4     0.0    22.1     3.0
   182   18.00    29.4    45.4  1003.1     6.1    270     0.4     0.0    40.7     4.0
   182   19.00    26.2    58.0  1003.5     3.1    306     0.4     0.0    27.7     3.0
   182   20.00    26.4    59.0  1004.3     3.4    323     0.4     0.0    56.2     5.0
   182   21.00    25.7    61.9  1004.6     2.0    303     0.4     0.0    33.8     6.0
   182   22.00    24.4    68.2  1005.1     2.1    104     0.4     0.0    29.1     6.0
   182   23.00    24.3    71.0  1005.5     2.6    191     0.4     0.0    36.4     6.0
   182   24.00    23.6    75.4  1005.6     1.5    199     0.4     0.0    58.1     6.0
   183    1.00    23.3    77.5  1005.7     2.6    326     0.0     0.0    53.3     6.0
   183    2.00    22.8    80.4  1005.9     2.5    267     0.0     0.0    62.2     5.0
   183    3.00    22.6    75.3  1005.6     2.4    182     0.0     0.0    54.6     5.0
   183    4.00    22.1    77.0  1005.6     2.1    286     0.0     0.0    59.1     5.0
   183    5.00    21.7    77.8  1005.8     2.3    306     0.0     0.0    61.9     5.0
   183    6.00    21.2    79.1  1005.8     2.6    289     0.0     0.0    72.2     3.0
   183    7.00    21.2    80.7  1006.1     1.0    312     0.0     0.0    65.6     3.0
   183    8.00    21.4    81.3  1006.6     1.6    109     0.0     0.0    41.4     1.0
   183    9.00    20.2    88.2  1008.1     6.3    106     6.7    28.3    32.5     3.0
   183   10.00    20.4    88.1  1008.0     5.1    157    10.7     2.8    64.5     3.0
   183   11.00    20.1    87.8  1007.8     4.2    182    11.8     0.8    31.6     3.0
   183   12.00    20.4    89.2  1007.6     4.4    188    12.5     1.6    59.3     3.0
   183   13.00    21.9    84.9  1008.1     5.1    270    12.8     0.0    48.8     3.0
   183   14.00    22.4    73.4  1008.2     5.7    275    12.8     0.0    51.0     3.0
   183   15.00    23.5    70.8  1007.4     3.2    250    12.8     0.0    45.8     3.0
   183   16.00    24.3    66.4  1006.9     4.2    185    12.8     0.0    40.0     3.0
   183   17.00    25.9    57.8  1006.9     3.7    292    12.8     0.0    44.2     3.0
   183   18.00    26.2    58.3  1006.2     2.6    286    12.8     0.0    62.2     2.0
   183   19.00    25.1    61.3  1006.7     2.7    331    12.8     0.0    33.2     3.0
   183   20.00    24.3    66.1  1006.9     2.0    303    12.8     0.0    60.8     5.0
   183   21.00    23.1    70.7  1007.4     1.1    326    12.8     0.0    56.3     5.0
   183   22.00    22.0    80.1  1007.3     2.6    210    12.9     0.0    41.6     6.0
   183   23.00    20.7    82.7  1007.4     3.7    219    12.9     0.0    64.1     5.0
   183   24.00    20.5    85.2  1008.3     1.2    253    12.9     0.0    57.4     6.0
   184    1.00    19.7    86.0  1007.9     4.2    233     0.0     0.0    22.0     6.0
   184    2.00    19.0    86.7  1007.2     2.6    191     0.0     0.0    34.7     5.0
   184    3.00    19.1    86.8  1007.3     2.3    188     0.0     0.0    39.1     5.0
   184    4.00    18.8    87.4  1007.6     3.2    171     0.0     0.0    44.9     5.0
   184    5.00    18.1    87.2  1007.6     3.1    295     0.0     0.0    56.4     6.0
   184    6.00    17.9    87.2  1007.6     1.8     47     0.0     0.0    56.2     1.0
   184    7.00    18.0    87.2  1007.6     1.8    146     0.0     0.0    66.3     2.0
   184    8.00    20.1    87.6  1007.6     2.3    180     0.0     0.0    67.8     3.0
   184    9.00    21.0    85.2  1007.7     2.7    132     0.0     0.0    71.8     2.0
   184   10.00    25.4    64.8  1007.5     1.8    239     0.0     0.0    71.1     1.0
   184   11.00    28.1    51.0  1006.9     1.9    286     0.0     0.0    47.0     1.0
   184   12.00    29.3    47.8  1006.7     2.7    303     0.0     0.0    42.9     2.0
   184   13.00    29.5    47.2  1006.4     2.9    309     0.0     0.0    65.5     2.0
   184   14.00    29.7    42.9  1006.1     3.5     30     0.0     0.0    55.2     2.0
   184   15.00    30.7    39.3  1005.0     2.6     42     0.0     0.0    48.6     2.0
   184   16.00    31.4    38.4  1004.3     2.7    340     0.0     0.0    50.0     2.0
   184   17.00    31.3    39.6  1004.0     3.2     25     0.0     0.0    63.1     3.0
   184   18.00    31.5    39.2  1003.8     1.9    258     0.0     0.0    56.4     3.0
   184   19.00    31.1    39.9  1003.7     2.4    317     0.0     0.0    61.8     2.0
   184   20.00    29.1    42.7  1004.0     3.0    300     0.0     0.0    35.1     5.0
   184   21.00    26.6    57.1  1004.5     1.1    278     0.0     0.0    63.7     5.0
   184   22.00    24.3    69.9  1004.7     1.4    196     0.0     0.0    47.0     5.0
   184   23.00    22.8    66.0  1005.3     4.3     30     0.0     0.0    59.7     5.0
   184   24.00    21.8    69.0  1005.6     2.3     70     0.0     0.0    40.4     6.0
   185    1.00    21.3    73.1  1005.0     3.8    126     0.0     0.0    65.0     5.0
   185    2.00    21.1    74.9  1004.8     3.4    188     0.0     0.0    55.2     6.0
   185    3.00    19.8    82.4  1005.3     3.7    315     0.0     0.0    24.8     5.0
   185    4.00    19.3    83.2  1005.0     2.3     19     0.0     0.0    60.2     5.0
   185    5.00    19.1    83.8  1005.1     3.2    312     0.0     0.0    35.2     5.0
   185    6.00    18.9    85.9  1005.3     3.2    278     0.0     0.0    39.8     3.0
   185    7.00    19.6    85.4  1005.7     2.6    264     0.0     0.0    43.6     3.0
   185    8.00    20.1    82.5  1005.9     1.8    272     0.0     0.0    49.6     2.0
   185    9.00    21.4    75.0  1006.4     2.9    270     0.0     0.0    51.3     2.0
   185   10.00    24.9    62.8  1006.4     3.2    289     0.0     0.0    50.6     2.0
   185   11.00    25.0    62.9  1006.1     3.0    323     0.0     0.0    53.2     3.0
   185   12.00    27.4    51.2  1005.7     3.2    351     0.0     0.0    60.2     1.0
   185   13.00    27.6    47.4  1005.6     3.8    340     0.0     0.0    61.9     3.0
   185   14.00    28.3    46.2  1005.2     4.2    315     0.0     0.0    58.5     2.0
   185   15.00    29.7    42.5  1004.4     3.1    351     0.0     0.0    56.4     1.0
   185   16.00    29.3    42.3  1004.3     2.8     14     0.0     0.0    57.4     2.0
   185   17.00    29.4    40.6  1003.9     2.6    303     0.0     0.0    59.8     3.0
   185   18.00    27.8    44.8  1003.8     8.6    315     0.0     0.0    49.3     3.0
   185   19.00    23.8    56.9  1004.3     4.2    272     0.0     0.0    56.8     3.0
   185   20.00    25.7    48.4  1004.6     2.5      0     0.0     0.0    34.3     5.0
   185   21.00    23.4    58.1  1005.0     3.5    168     0.0     0.0    49.9     6.0
   185   22.00    21.8    66.1  1005.9     3.7    177     0.0     0.0    42.3     5.0
   185   23.00    21.4    67.7  1006.1     3.4    196     0.0     0.0    64.5     5.0
   185   24.00    19.9    74.0  1006.1     2.4    180     0.0     0.0    63.3     6.0
   186    1.00    19.2    75.6  1006.3     5.6    241     0.0     0.0    63.3     5.0
   186    2.00    18.7    72.8  1006.2     2.9    199     0.0     0.0    63.2     6.0
   186    3.00    18.1    70.6  1006.1     4.1    222     0.0     0.0    69.7     5.0
   186    4.00    17.3    70.3  1005.9     2.4    182     0.0     0.0    68.7     6.0
   186    5.00    16.8    71.9  1005.9     2.6    298     0.0     0.0    51.7     5.0
   186    6.00    16.9    76.9  1006.5     5.5    278     0.0     0.0    50.8     3.0
   186    7.00    17.6    79.7  1006.7     4.4    286     0.0     0.0    48.8     3.0
   186    8.00    19.8    72.2  1006.8     3.4    298     0.0     0.0    26.7     3.0
   186    9.00    22.7    59.6  1006.8     1.8    270     0.0     0.0    60.1     1.0
   186   10.00    24.1    54.3  1006.9     4.4    272     0.0     0.0    43.4     3.0
   186   11.00    25.4    45.7  1006.8     3.9    281     0.0     0.0    51.7     3.0
   186   12.00    26.9    44.4  1006.7     2.6    284     0.0     0.0    61.7     2.0
   186   13.00    29.1    38.2  1006.2     2.5    340     0.0     0.0    63.3     2.0
   186   14.00    29.5    33.5  1005.8     3.2    354     0.0     0.0    63.5     2.0
   186   15.00    30.0    32.0  1005.3     5.8    323     0.0     0.0    50.7     3.0
   186   16.00    30.5    29.8  1004.7     4.2    272     0.0     0.0    55.5     3.0
   186   17.00    31.1    30.3  1004.2     4.2    258     0.0     0.0    43.2     3.0
   186   18.00    30.0    32.0  1003.7     4.7    298     0.0     0.0    49.9     3.0
   186   19.00    29.7    32.1  1003.7     4.1    258     0.0     0.0    51.7     3.0
   186   20.00    29.1    30.5  1003.8     3.8    261     0.0     0.0    50.7     5.0
   186   21.00    25.8    37.0  1004.0     4.2    236     0.0     0.0    53.3     5.0
   186   22.00    23.8    47.6  1004.4     4.8    241     0.0     0.0    50.8     6.0
   186   23.00    22.2    61.4  1004.7     5.1    241     0.0     0.0    42.9     5.0
   186   24.00    21.0    65.4  1004.7     4.5    247     0.0     0.0    55.4     6.0
   187    1.00    20.0    68.3  1004.7     2.9    151     0.0     0.0    54.6     5.0
   187    2.00    19.6    70.2  1004.4     3.4    199     0.0     0.0    32.0     5.0
   187    3.00    19.3    71.9  1004.1     3.1    210     0.0     0.0    67.2     5.0
   187    4.00    18.9    75.0  1003.7     2.9    205     0.0     0.0    67.6     5.0
   187    5.00    18.5    76.2  1003.7     3.1    194     0.0     0.0    70.4     5.0
   187    6.00    18.1    76.4  1003.8     2.4    163     0.0     0.0    42.5     2.0
   187    7.00    18.8    71.8  1003.7     4.0    222     0.0     0.0    66.5     3.0
   187    8.00    21.5    65.9  1003.9     6.8    255     0.0     0.0    49.0     3.0
   187    9.00    24.7    55.1  1003.8     7.2    303     0.0     0.0    48.8     3.0
   187   10.00    25.4    50.0  1003.6     7.9    270     0.0     0.0    52.8     4.0
   187   11.00    26.6    45.6  1003.7     7.9    270     0.0     0.0    49.6     4.0
   187   12.00    27.7    39.9  1003.4     8.5    298     0.0     0.0    50.5     4.0
   187   13.00    28.4    36.2  1003.2     8.7    272     0.0     0.0    52.2     4.0
   187   14.00    29.4    34.8  1003.0     8.9    258     0.0     0.0    50.4     4.0
   187   15.00    29.7    30.6  1002.8     8.5    258     0.0     0.0    50.8     4.0
   187   16.00    30.1    30.0  1002.4     8.6    264     0.0     0.0    50.9     4.0
   187   17.00    30.1    31.5  1002.2     6.7    272     0.0     0.0    40.5     4.0
   187   18.00    30.3    32.2  1002.2     6.6    267     0.0     0.0    51.7     4.0
   187   19.00    29.4    32.1  1002.3     7.2    258     0.0     0.0    52.4     4.0
   187   20.00    28.7    34.1  1002.5     5.6    261     0.0     0.0    50.0     5.0
   187   21.00    26.3    38.2  1003.1     5.1    250     0.0     0.0    51.2     5.0
   187   22.00    24.6    42.6  1004.0     5.5    241     0.0     0.0    50.3     5.0
   187   23.00    24.2    43.5  1004.5     5.6    250     0.0     0.0    53.1     4.0
   187   24.00    22.2    53.7  1005.0     5.9    244     0.0     0.0    31.0     5.0
   188    1.00    19.3    70.7  1005.0     5.4    244     0.0     0.0    59.8     5.0
   188    2.00    19.7    71.0  1004.9     4.9    239     0.0     0.0    43.3     5.0
   188    3.00    19.6    69.8  1005.0     5.8    244     0.0     0.0    32.6     5.0
   188    4.00    19.2    73.1  1005.0     6.7    247     0.0     0.0    36.4     5.0
   188    5.00    20.8    70.5  1005.1     7.0    244     0.0     0.0    44.8     5.0
   188    6.00    21.1    66.5  1005.0     7.6    239     0.0     0.0    48.2     3.0
   188    7.00    22.1    61.6  1005.2     6.4    241     0.0     0.0    82.0     3.0
   188    8.00    23.9    54.1  1005.5     9.4    253     0.0     0.0    50.2     4.0
   188    9.00    23.7    52.3  1005.8    10.4    309     0.0     0.0    48.9     4.0
   188   10.00    24.0    46.8  1006.2    12.1    306     0.0     0.0    52.0     4.0
   188   11.00    24.7    43.2  1006.5    11.4    300     0.0     0.0    50.9     4.0
   188   12.00    25.8    40.0  1006.7    10.7    267     0.0     0.0    52.2     4.0
   188   13.00    25.6    38.3  1006.8    10.3    298     0.0     0.0    50.6     4.0
   188   14.00    25.9    36.1  1006.9    11.2    267     0.0     0.0    52.6     4.0
   188   15.00    26.8    34.2  1006.7     9.8    303     0.0     0.0    51.3     4.0
   188   16.00    26.3    35.0  1006.7    11.5    267     0.0     0.0    50.0     4.0
   188   17.00    25.3    32.9  1007.0    11.6    253     0.0     0.0    50.4     4.0
   188   18.00    25.2    32.6  1007.0    12.0    264     0.0     0.0    45.9     4.0
   188   19.00    24.2    34.9  1007.1     9.9    255     0.0     0.0    52.3     4.0
   188   20.00    22.5    37.9  1007.1     9.2    244     0.0     0.0    51.1     4.0
   188   21.00    21.7    37.9  1007.3     8.9    244     0.0     0.0    49.2     4.0
   188   22.00    20.8    41.0  1008.0     7.5    247     0.0     0.0    46.7     4.0
   188   23.00    20.5    43.3  1008.5     7.2    295     0.0     0.0    46.7     5.0
   188   24.00    20.1    41.9  1008.5     8.6    253     0.0     0.0    48.8     4.0
   189    1.00    19.8    42.3  1008.4     6.4    253     0.0     0.0    51.5     4.0
   189    2.00    18.7    45.4  1008.0     5.7    309     0.0     0.0    52.7     4.0
   189    3.00    17.4    52.2  1008.1     6.2    244     0.0     0.0    47.4     5.0
   189    4.00    17.6    49.8  1007.4     8.4    258     0.0     0.0    52.3     4.0
   189    5.00    17.3    50.5  1007.8     8.3    255     0.0     0.0    50.6     4.0
   189    6.00    16.6    54.5  1008.0     7.8    253     0.0     0.0    51.4     4.0
   189    7.00    17.0    55.0  1008.0     7.5    250     0.0     0.0    51.8     4.0
   189    8.00    17.7    54.6  1008.3     7.9    258     0.0     0.0    49.7     4.0
   189    9.00    18.1    53.9  1008.5     6.6    272     0.0     0.0    50.7     4.0
   189   10.00    19.1    53.3  1008.5     5.9    267     0.0     0.0    51.7     3.0
   189   11.00    21.3    46.0  1008.4     5.7    275     0.0     0.0    46.1     3.0
   189   12.00    22.7    42.1  1008.5     4.8    286     0.0     0.0    41.7     3.0
   189   13.00    24.4    39.6  1008.5     5.0    300     0.0     0.0    42.5     3.0
   189   14.00    24.6    38.5  1008.2     4.9    295     0.0     0.0    42.7     3.0
   189   15.00    23.9    43.7  1008.5     4.0    303     0.0     0.0    52.2     2.0
   189   16.00    23.7    44.8  1008.6     2.7    185     0.0     0.4    51.7     3.0
   189   17.00    24.5    43.5  1008.8     2.7    272     0.0     0.0    35.0     3.0
   189   18.00    24.5    43.0  1008.8     1.0    300     0.0     0.0    30.2     1.0
   189   19.00    24.3    45.5  1008.9     3.0    194     0.0     0.0    70.8     3.0
   189   20.00    24.2    48.8  1009.0     3.7    180     0.0     0.0    62.5     5.0
   189   21.00    22.1    57.3  1009.4     4.0    165     0.0     0.0    62.6     5.0
   189   22.00    20.6    63.7  1009.6     4.0    188     0.0     0.0    45.8     5.0
   189   23.00    19.3    68.3  1009.6     3.6    194     0.0     0.0    64.9     5.0
   189   24.00    18.4    71.4  1009.6     4.8    233     0.0     0.0    68.4     5.0
   190    1.00    18.0    73.2  1009.5     6.8    253     0.0     0.0    49.3     5.0
   190    2.00    18.7    68.5  1009.6     6.5    258     0.0     0.0    53.1     5.0
   190    3.00    17.7    71.9  1009.8     5.3    272     0.0     0.0    43.5     5.0
   190    4.00    17.9    72.0  1009.7     3.8    267     0.0     0.0    73.2     5.0
   190    5.00    17.5    73.7  1009.4     2.5    270     0.0     0.0    42.2     5.0
   190    6.00    16.5    76.3  1009.8     3.0    295     0.0     0.0    42.4     3.0
   190    7.00    17.9    75.2  1009.8     4.6    281     0.0     0.0    52.9     3.0
   190    8.00    20.6    62.3  1009.7     4.2    275     0.0     0.0    57.0     3.0
   190    9.00    22.4    56.8  1009.6     5.0    289     0.0     0.0    41.8     3.0
   190   10.00    23.8    49.5  1009.9     4.3    278     0.0     0.0    37.5     3.0
   190   11.00    25.5    40.1  1009.8     4.0    267     0.0     0.0    48.2     3.0
   190   12.00    26.7    39.3  1009.5     4.9    323     0.0     0.0    40.6     3.0
   190   13.00    28.3    34.5  1009.6     4.3    267     0.0     0.0    44.9     3.0
   190   14.00    28.9    33.4  1009.3     4.4    300     0.0     0.0    46.7     3.0
   190   15.00    29.8    31.2  1008.6     4.6    264     0.0     0.0    48.0     3.0
   190   16.00    29.4    32.7  1008.1     4.5    320     0.0     0.0    49.1     3.0
   190   17.00    28.7    33.0  1007.8     5.7    300     0.0     0.0    47.7     3.0
   190   18.00    28.8    32.3  1007.7     5.9    258     0.0     0.0    51.7     4.0
   190   19.00    29.0    32.3  1007.9     5.0    258     0.0     0.0    51.7     3.0
   190   20.00    27.9    33.6  1008.0     4.1    253     0.0     0.0    50.5     5.0
   190   21.00    25.8    42.3  1008.3     5.2    255     0.0     0.0    49.6     4.0
   190   22.00    24.7    48.6  1008.9     5.1    250     0.0     0.0    52.0     5.0
   190   23.00    22.0    61.7  1009.5     5.3    241     0.0     0.0    68.6     5.0
   190   24.00    20.7    66.7  1009.5     5.9    244     0.0     0.0    46.6     5.0
   191    1.00    20.3    66.9  1009.4     4.3    250     0.0     0.0    49.4     5.0
   191    2.00    19.7    67.9  1009.2     2.3    247     0.0     0.0    61.9     5.0
   191    3.00    19.4    69.1  1009.2     1.6    115     0.0     0.0    51.2     6.0
   191    4.00    18.8    70.7  1009.2     1.8    160     0.0     0.0    42.1     5.0
   191    5.00    18.5    72.7  1009.2     2.2    230     0.0     0.0    74.1     6.0
   191    6.00    18.8    73.5  1009.4     1.8    126     0.0     0.0    58.9     2.0
   191    7.00    19.3    71.8  1009.6     1.6    264     0.0     0.0    62.0     3.0
   191    8.00    20.2    70.9  1009.8     2.2    295     0.0     0.0    55.7     2.0
   191    9.00    23.0    59.6  1009.8     4.3    286     0.0     0.0    38.6     3.0
   191   10.00    25.5    45.6  1009.3     3.6    295     0.0     0.0    49.4     3.0
   191   11.00    27.2    40.0  1008.9     4.3    258     0.0     0.0    43.3     3.0
   191   12.00    28.6    41.2  1008.7     3.5    306     0.0     0.0    57.7     3.0
   191   13.00    30.1    37.0  1008.3     2.6     11     0.0     0.0    49.4     2.0
   191   14.00    31.3    35.8  1008.0     2.6    286     0.0     0.0    66.4     1.0
   191   15.00    31.7    31.3  1007.6     3.4    329     0.0     0.0    47.6     2.0
   191   16.00    31.7    29.8  1007.3     3.2     36     0.0     0.0    56.7     2.0
   191   17.00    31.9    29.0  1006.8     3.1    286     0.0     0.0    43.2     3.0
   191   18.00    31.4    30.5  1006.7     3.1    300     0.0     0.0    44.5     3.0
   191   19.00    30.4    34.5  1006.7     3.2    284     0.0     0.0    37.7     3.0
   191   20.00    30.3    33.2  1006.7     3.3    258     0.0     0.0    53.3     5.0
   191   21.00    27.7    38.6  1006.9     4.1    241     0.0     0.0    49.9     6.0
   191   22.00    25.8    46.4  1007.3     5.1    241     0.0     0.0    47.6     5.0
   191   23.00    23.6    56.8  1007.5     5.4    239     0.0     0.0    28.5     5.0
   191   24.00    21.6    68.3  1007.6     6.1    241     0.0     0.0    43.9     5.0
   192    1.00    20.7    71.9  1007.7     6.3    244     0.0     0.0    42.1     5.0
   192    2.00    21.5    67.0  1007.7     3.1    180     0.0     0.0    69.0     5.0
   192    3.00    20.5    69.6  1007.5     3.0    163     0.0     0.0    64.2     5.0
   192    4.00    20.2    69.4  1007.3     2.8    219     0.0     0.0    62.5     5.0
   192    5.00    19.0    74.1  1007.0     2.9    168     0.0     0.0    54.1     5.0
   192    6.00    18.7    75.0  1007.1     2.5    213     0.0     0.0    68.9     3.0
   192    7.00    18.5    76.5  1007.2     2.4    219     0.0     0.0    31.7     2.0
   192    8.00    19.5    74.9  1007.5     1.2    295     0.0     0.0    65.5     1.0
   192    9.00    23.3    63.6  1007.7     3.7    323     0.0     0.0    53.7     3.0
   192   10.00    26.4    48.7  1007.6     4.9    278     0.0     0.0    46.1     3.0
   192   11.00    27.6    47.0  1007.6     4.2    289     0.0     0.0    35.2     3.0
   192   12.00    29.0    42.0  1007.5     4.1    292     0.0     0.0    47.3     3.0
   192   13.00    30.3    41.7  1007.5     3.8    329     0.0     0.0    65.0     2.0
   192   14.00    32.0    34.1  1007.2     2.7    306     0.0     0.0    50.1     1.0
   192   15.00    32.9    32.0  1006.8     2.5     45     0.0     0.0    60.8     2.0
   192   16.00    33.9    30.5  1006.3     2.8     28     0.0     0.0    59.8     2.0
   192   17.00    32.8    32.1  1005.8     3.1    345     0.0     0.0    65.4     3.0
   192   18.00    32.9    32.4  1005.4     2.8     47     0.0     0.0    57.0     2.0
   192   19.00    31.9    33.3  1005.6     2.6     14     0.0     0.0    63.0     2.0
   192   20.00    30.9    34.3  1005.9     1.4     75     0.0     0.0    52.5     5.0
   192   21.00    28.8    43.1  1006.4     1.0    289     0.0     0.0    65.3     5.0
   192   22.00    27.3    52.1  1006.8     3.4    225     0.0     0.0    44.1     5.0
   192   23.00    26.2    56.5  1006.9     4.9    264     0.0     0.0    61.6     5.0
   192   24.00    24.8    63.3  1006.9     2.5    194     0.0     0.0    28.0     5.0
   193    1.00    23.6    68.0  1007.0     3.5    210     0.0     0.0    43.3     5.0
   193    2.00    22.8    69.7  1006.9     4.7    247     0.0     0.0    40.7     5.0
   193    3.00    22.3    72.0  1006.9     3.4    225     0.0     0.0    76.4     5.0
   193    4.00    22.0    73.9  1006.6     1.6    210     0.0     0.0    63.8     6.0
   193    5.00    21.4    75.2  1006.6     2.6    199     0.0     0.0    26.6     5.0
   193    6.00    20.9    76.7  1006.5     2.4    208     0.0     0.0    38.0     3.0
   193    7.00    22.2    72.9  1006.3     1.4    202     0.0     0.0    52.4     3.0
   193    8.00    25.0    62.6  1006.1     2.6    255     0.0     0.0    42.8     2.0
   193    9.00    25.6    61.9  1006.3     2.6    239     0.0     0.0    42.5     3.0
   193   10.00    27.6    56.1  1006.0     3.5    241     0.0     0.0    49.0     3.0
   193   11.00    28.7    50.9  1005.7     3.3    275     0.0     0.0    46.7     3.0
   193   12.00    30.8    43.3  1005.2     3.6    292     0.0     0.0    56.3     3.0
   193   13.00    31.8    41.4  1004.8     3.1    309     0.0     0.0    43.8     2.0
   193   14.00    32.9    40.5  1004.5     2.9     11     0.0     0.0    73.4     2.0
   193   15.00    33.4    37.8  1003.8     3.4      5     0.0     0.0    60.2     2.0
   193   16.00    33.5    34.1  1003.4     3.2    354     0.0     0.0    42.5     2.0
   193   17.00    34.0    32.2  1003.2     2.9     56     0.0     0.0    54.4     3.0
   193   18.00    31.6    37.0  1003.5     6.9    236     0.0     0.0    41.2     3.0
   193   19.00    29.9    42.3  1003.1     5.8    244     0.0     0.0    48.7     3.0
   193   20.00    28.8    46.5  1003.0     4.5    253     0.0     0.0    41.1     5.0
   193   21.00    25.8    59.6  1002.9     2.7    202     0.0     0.0    54.0     5.0
   193   22.00    24.7    57.5  1003.5     2.9    216     0.0     0.0    55.4     5.0
   193   23.00    24.0    60.6  1003.6     2.3     84     0.0     0.0    67.8     5.0
   193   24.00    24.0    62.9  1003.6     2.1    132     0.0     0.0    70.9     6.0
   194    1.00    22.4    72.0  1003.5     3.1    177     0.0     0.0    33.0     5.0
   194    2.00    22.4    71.9  1003.3     3.8    216     0.0     0.0    66.5     6.0
   194    3.00    22.0    74.6  1003.2     2.5    129     0.0     0.0    64.7     5.0
   194    4.00    21.6    74.9  1002.8     3.2    171     0.0     0.0    85.1     5.0
   194    5.00    21.0    76.9  1002.8     3.2    188     0.0     0.0    59.4     6.0
   194    6.00    20.4    79.4  1002.8     3.1    236     0.0     0.0    41.5     3.0
   194    7.00    21.3    76.0  1002.8     3.0    199     0.0     0.0    64.4     3.0
   194    8.00    23.9    65.0  1002.6     2.3    160     0.0     0.0    58.3     3.0
   194    9.00    25.8    58.1  1002.6     1.8    210     0.0     0.0    53.3     1.0
   194   10.00    28.6    47.4  1002.5     5.4    278     0.0     0.0    44.8     3.0
   194   11.00    29.5    46.3  1002.6     3.5    340     0.0     0.0    43.7     3.0
   194   12.00    31.0    43.3  1002.2     5.5    267     0.0     0.0    43.3     3.0
   194   13.00    32.0    40.1  1002.0     6.2    267     0.0     0.0    41.1     4.0
   194   14.00    33.2    38.2  1001.6     6.1    272     0.0     0.0    46.6     3.0
   194   15.00    33.6    37.1  1001.1     5.2    261     0.0     0.0    45.5     3.0
   194   16.00    33.5    34.7  1000.7     6.2    267     0.0     0.0    48.8     4.0
   194   17.00    33.4    35.0  1000.8     7.3    250     0.0     0.0    50.1     4.0
   194   18.00    33.7    34.5  1000.5     5.6    264     0.0     0.0    49.5     3.0
   194   19.00    32.9    35.4  1000.5     5.1    255     0.0     0.0    51.4     3.0
   194   20.00    31.5    38.8  1000.7     4.4    244     0.0     0.0    49.2     5.0
   194   21.00    29.1    47.0  1001.0     4.5    244     0.0     0.0    49.1     5.0
   194   22.00    26.8    59.4  1001.8     3.6    270     0.0     0.0    65.0     6.0
   194   23.00    26.6    58.2  1002.2     5.2    244     0.0     0.0    62.7     5.0
   194   24.00    24.8    67.4  1002.2     4.2    239     0.0     0.0    62.9     6.0
   195    1.00    24.3    69.8  1002.0     1.8    140     0.0     0.0    39.3     5.0
   195    2.00    23.7    72.9  1002.0     1.8    298     0.0     0.0    64.9     5.0
   195    3.00    23.0    75.6  1002.1     1.5    149     0.0     0.0    57.9     5.0
   195    4.00    22.7    75.0  1002.3     2.9    278     0.0     0.0    52.9     5.0
   195    5.00    22.0    77.7  1002.6     1.0    216     0.0     0.0    35.3     6.0
   195    6.00    21.4    80.7  1002.6     2.8    264     0.0     0.0    57.5     3.0
   195    7.00    22.5    76.6  1002.6     1.9    151     0.0     0.0    68.1     3.0
   195    8.00    25.2    65.7  1002.6     1.9    261     0.0     0.0    65.5     2.0
   195    9.00    28.0    58.7  1002.6     3.3    284     0.0     0.0    65.9     3.0
   195   10.00    29.6    50.3  1002.5     3.6    295     0.0     0.0    38.4     3.0
   195   11.00    31.4    44.9  1002.4     3.5    286     0.0     0.0    50.1     2.0
   195   12.00    32.7    38.5  1002.1     3.1    331     0.0     0.0    26.9     2.0
   195   13.00    34.3    34.3  1001.7     3.3    295     0.0     0.0    47.1     3.0
   195   14.00    35.5    32.5  1001.4     4.5    264     0.0     0.0    49.5     3.0
   195   15.00    35.5    31.4  1000.8     4.2    300     0.0     0.0    43.0     3.0
   195   16.00    35.3    34.4  1000.4     4.2    270     0.0     0.0    44.7     3.0
   195   17.00    35.2    32.5  1000.4     4.9    278     0.0     0.0    51.0     3.0
   195   18.00    35.3    33.1  1000.1     4.8     16     0.0     0.0    38.8     3.0
   195   19.00    30.9    51.6  1000.6     4.2    326     0.6     0.0    41.2     3.0
   195   20.00    31.4    49.1  1000.3     2.5    278     0.6     0.0    22.5     5.0
   195   21.00    29.2    57.7  1001.0     2.4    298     0.6     0.0    62.2     5.0
   195   22.00    27.1    68.9  1001.6     2.6    317     0.6     0.0    49.6     6.0
   195   23.00    27.1    62.1  1001.8     3.8    281     0.6     0.0    42.4     5.0
   195   24.00    25.8    68.6  1001.8     3.8    278     0.6     0.0    46.4     5.0
   196    1.00    24.4    73.7  1001.7     2.4    317     0.0     0.0    46.2     5.0
   196    2.00    23.6    75.2  1001.6     3.4    213     0.0     0.0    47.6     5.0
   196    3.00    22.8    76.1  1001.6     3.4    298     0.0     0.0    45.5     6.0
   196    4.00    21.9    81.7  1002.0     3.5    351     0.0     0.0    43.1     5.0
   196    5.00    21.7    82.8  1002.0     2.6      8     0.0     0.0    62.8     5.0
   196    6.00    21.3    82.6  1002.4     1.1    129     0.0     0.0    38.6     3.0
   196    7.00    22.5    80.4  1002.8     1.1    101     0.0     0.0    63.3     2.0
   196    8.00    24.8    67.1  1003.2     2.3      2     0.0     0.0    53.5     3.0
   196    9.00    26.5    62.2  1003.3     3.2     28     0.0     0.0    49.7     2.0
   196   10.00    29.2    48.0  1003.3     1.9     75     0.0     0.0    47.8     1.0
   196   11.00    31.1    44.4  1003.2     3.1     25     0.0     0.0    50.6     2.0
   196   12.00    31.9    41.4  1002.9     3.0     59     0.0     0.0    61.6     2.0
   196   13.00    32.7    39.8  1003.0     2.9     42     0.0     0.0    49.8     2.0
   196   14.00    33.6    36.7  1003.1     3.0     25     0.0     0.0    61.2     2.0
   196   15.00    34.3    34.8  1002.9     2.6     16     0.0     0.0    67.5     2.0
   196   16.00    34.3    33.5  1002.6     2.8    354     0.0     0.0    57.8     2.0
   196   17.00    34.6    31.8  1002.4     2.1     39     0.0     0.0    63.0     1.0
   196   18.00    34.7    31.2  1002.5     2.8     14     0.0     0.0    62.6     2.0
   196   19.00    34.0    32.8  1002.6     2.0      8     0.0     0.0    39.7     3.0
   196   20.00    33.6    35.4  1003.2     1.0     33     0.0     0.0    52.4     5.0
   196   21.00    27.2    52.9  1003.9     5.2     50     0.0     0.0    51.6     4.0
   196   22.00    26.6    53.6  1004.8     3.5     81     0.0     0.0    67.9     5.0
   196   23.00    26.4    56.8  1005.7     5.1     56     0.0     0.0    61.7     5.0
   196   24.00    26.4    55.7  1005.7     3.8    132     0.0     0.0    50.5     5.0
   197    1.00    24.9    64.1  1006.3     3.4     50     0.0     0.0    49.0     6.0
   197    2.00    23.6    72.9  1006.2     3.8     56     0.0     0.0    49.8     6.0
   197    3.00    22.7    79.4  1006.6     4.7     39     0.0     0.0    54.8     5.0
   197    4.00    23.6    69.1  1006.5     3.1    334     0.0     0.0    60.7     5.0
   197    5.00    22.1    84.2  1006.7     3.9     11     0.0     0.0    22.5     5.0
   197    6.00    21.8    84.4  1007.3     3.1    315     0.0     0.0    44.0     3.0
   197    7.00    22.7    82.7  1007.8     2.4      2     0.0     0.0    42.3     3.0
   197    8.00    24.7    71.9  1008.0     2.9    326     0.0     0.0    35.4     3.0
   197    9.00    26.7    63.6  1008.3     1.9      0     0.0     0.0    49.8     2.0
   197   10.00    29.1    54.9  1008.3     2.3    354     0.0     0.0    73.7     2.0
   197   11.00    30.4    49.9  1008.3     2.5     39     0.0     0.0    58.9     1.0
   197   12.00    31.6    44.0  1008.2     2.3     28     0.0     0.0    66.7     2.0
   197   13.00    32.7    41.7  1008.3     3.1    348     0.0     0.0    63.3     1.0
   197   14.00    33.7    36.3  1008.0     2.4    343     0.0     0.0    66.5     1.0
   197   15.00    34.2    32.9  1007.7     3.2    244     0.0     0.0    41.2     3.0
   197   16.00    34.3    34.6  1007.4     2.7     39     0.0     0.0    58.0     2.0
   197   17.00    34.5    34.6  1006.7     2.4    343     0.0     0.0    46.3     2.0
   197   18.00    34.2    34.8  1006.5     3.0      5     0.0     0.0    48.3     3.0
   197   19.00    33.8    36.5  1006.6     2.9    348     0.0     0.0    67.1     3.0
   197   20.00    33.3    38.4  1006.7     1.8      8     0.0     0.0    65.9     5.0
   197   21.00    29.7    50.8  1007.0     3.1     84     0.0     0.0    72.6     5.0
   197   22.00    28.0    55.7  1008.1     5.1     59     0.0     0.0    46.1     5.0
   197   23.00    27.4    56.6  1008.2     4.0     59     0.0     0.0    49.3     5.0
   197   24.00    27.3    54.6  1008.5     1.7    188     0.0     0.0    49.4     6.0
   198    1.00    27.1    55.3  1008.5     2.1    135     0.0     0.0    66.7     5.0
   198    2.00    25.6    62.7  1008.5     2.5    126     0.0     0.0    32.3     6.0
   198    3.00    24.0    72.9  1008.6     2.6     11     0.0     0.0    61.7     5.0
   198    4.00    23.6    75.4  1008.6     3.4      5     0.0     0.0    63.4     5.0
   198    5.00    23.4    83.6  1008.6     4.0      5     0.0     0.0    53.6     6.0
   198    6.00    23.2    79.0  1008.9     2.6      8     0.0     0.0    69.5     3.0
   198    7.00    23.5    78.4  1009.0     1.7    354     0.0     0.0    48.8     3.0
   198    8.00    26.4    67.1  1009.1     1.6    348     0.0     0.0    65.8     2.0
   198    9.00    28.3    60.3  1008.9     2.7     90     0.0     0.0    51.2     2.0
   198   10.00    29.9    51.7  1008.9     3.2     30     0.0     0.0    46.8     2.0
   198   11.00    32.4    43.5  1008.7     3.4    351     0.0     0.0    60.3     3.0
   198   12.00    32.5    35.7  1008.6     4.2     28     0.0     0.0    42.8     3.0
   198   13.00    33.1    33.4  1008.5     4.2     47     0.0     0.0    49.1     3.0
   198   14.00    33.7    31.2  1008.4     4.5     70     0.0     0.0    47.6     3.0
   198   15.00    34.0    28.2  1007.8     5.1     78     0.0     0.0    49.3     3.0
   198   16.00    34.1    27.3  1007.4     4.0     75     0.0     0.0    50.4     3.0
   198   17.00    34.4    27.6  1006.9     4.5     67     0.0     0.0    49.8     3.0
   198   18.00    33.9    29.1  1006.5     4.8     70     0.0     0.0    51.4     3.0
   198   19.00    33.1    31.2  1006.2     4.2     87     0.0     0.0    43.8     3.0
   198   20.00    32.2    34.8  1006.3     3.3     70     0.0     0.0    54.6     5.0
   198   21.00    29.7    40.1  1006.3     3.2     78     0.0     0.0    53.1     5.0
   198   22.00    27.8    48.9  1006.8     2.6     64     0.0     0.0    51.6     6.0
   198   23.00    26.8    53.6  1006.8     1.8    126     0.0     0.0    39.2     6.0
   198   24.00    25.7    60.0  1006.6     1.1    118     0.0     0.0    40.9     6.0
   199    1.00    24.7    62.8  1006.6     1.1     95     0.0     0.0    31.7     5.0
   199    2.00    24.7    61.4  1006.5     1.8     84     0.0     0.0    42.1     5.0
   199    3.00    23.3    69.4  1006.6     1.6    199     0.0     0.0    45.4     5.0
   199    4.00    23.1    70.6  1006.6     2.1    343     0.0     0.0    46.6     5.0
   199    5.00    22.1    73.7  1006.7     2.6    345     0.0     0.0    63.8     6.0
   199    6.00    21.3    76.9  1006.8     1.8      2     0.0     0.0    49.1     2.0
   199    7.00    22.0    77.0  1006.9     1.0     33     0.0     0.0    49.4     2.0
   199    8.00    23.7    69.3  1006.7     2.3    123     0.0     0.0    57.8     3.0
   199    9.00    26.8    61.3  1006.9     2.4    115     0.0     0.0    81.8     2.0
   199   10.00    30.4    51.3  1006.7     2.2     61     0.0     0.0    64.6     2.0
   199   11.00    32.8    43.4  1006.3     2.6     50     0.0     0.0    65.5     1.0
   199   12.00    33.9    37.9  1006.0     3.3     33     0.0     0.0    69.2     2.0
   199   13.00    33.9    35.4  1005.6     3.6     11     0.0     0.0    55.9     2.0
   199   14.00    33.8    36.6  1005.8     3.8    101     0.0     0.0    57.7     2.0
   199   15.00    35.2    33.1  1005.1     3.4    101     0.0     0.0    49.0     2.0
   199   16.00    35.8    30.5  1004.7     3.4     30     0.0     0.0    39.3     1.0
   199   17.00    35.7    30.9  1004.5     4.2    329     0.0     0.0    57.1     3.0
   199   18.00    30.6    48.7  1005.3     4.1     56     0.0     0.0    36.9     3.0
   199   19.00    31.0    48.3  1005.1     3.8     39     0.0     0.0    47.6     3.0
   199   20.00    27.6    39.1  1006.1     8.3    205     0.0     0.0    46.9     4.0
   199   21.00    27.1    38.5  1006.2     3.4    177     0.0     0.0    78.9     5.0
   199   22.00    25.7    48.3  1006.4     3.7    157     0.0     0.0    36.7     5.0
   199   23.00    24.0    58.6  1006.8     1.3    191     0.0     0.0    44.1     6.0
   199   24.00    23.2    64.3  1007.3     3.2     25     0.0     0.0    63.4     5.0
   200    1.00    22.8    69.0  1007.7     1.9    230     0.0     0.0    46.5     5.0
   200    2.00    22.3    72.9  1007.5     2.9    191     0.0     0.0    57.0     6.0
   200    3.00    21.6    76.8  1007.3     1.0    337     0.0     0.0    37.8     6.0
   200    4.00    21.1    80.9  1007.7     2.6    278     0.0     0.0    33.8     5.0
   200    5.00    20.9    81.2  1007.7     2.6    199     0.0     0.0    23.4     6.0
   200    6.00    19.9    82.7  1008.2     3.4    284     0.0     0.0    59.0     3.0
   200    7.00    20.6    82.4  1008.4     2.2    171     0.0     0.0    86.7     2.0
   200    8.00    23.6    73.2  1008.3     2.3    202     0.0     0.0    63.1     3.0
   200    9.00    26.0    60.1  1008.4     4.4    255     0.0     0.0    48.9     3.0
   200   10.00    28.4    54.5  1007.9     5.1    270     0.0     0.0    50.9     3.0
   200   11.00    29.7    52.5  1007.9     4.5    292     0.0     0.0    46.7     3.0
   200   12.00    30.7    48.9  1007.7     4.1    270     0.0     0.0    47.1     3.0
   200   13.00    31.7    43.6  1007.6     3.9    320     0.0     0.0    52.4     2.0
   200   14.00    32.6    41.9  1006.9     3.5    303     0.0     0.0    52.3     2.0
   200   15.00    33.4    37.5  1005.9     3.4    354     0.0     0.0    33.7     3.0
   200   16.00    25.6    68.1  1006.3     4.8     95     0.9     0.0    39.6     3.0
   200   17.00    28.2    59.7  1006.3     4.2    182     0.9     0.0    33.9     3.0
   200   18.00    27.6    59.2  1006.1     3.0    208     0.9     0.0    28.3     3.0
   200   19.00    27.8    59.7  1005.9     3.6    216     0.9     0.0    45.4     3.0
   200   20.00    26.7    60.6  1006.9     3.4    233     0.9     0.0    66.2     5.0
   200   21.00    25.4    66.3  1006.6     4.2    244     0.9     0.0    50.9     5.0
   200   22.00    24.2    69.1  1007.7     3.9    208     0.9     0.0    63.7     5.0
   200   23.00    24.6    65.1  1007.8     4.7    210     0.9     0.0    42.8     5.0
   200   24.00    23.4    69.5  1007.7     3.1    219     0.9     0.0    68.0     5.0
   201    1.00    22.5    71.4  1007.7     3.8    222     0.0     0.0    39.6     5.0
   201    2.00    22.2    74.7  1007.9     1.9    202     0.0     0.0    65.0     6.0
   201    3.00    21.7    79.7  1007.3     3.1    163     0.0     0.0    67.3     5.0
   201    4.00    21.8    77.6  1007.0     3.0    129     0.0     0.0    54.9     5.0
   201    5.00    21.6    79.1  1006.7     2.8    205     0.0     0.0    34.6     5.0
   201    6.00    21.4    79.8  1007.0     3.3    219     0.0     0.0    37.5     3.0
   201    7.00    22.0    78.4  1007.1     2.5    244     0.0     0.0    53.3     3.0
   201    8.00    23.5    71.6  1007.5     1.4    289     0.0     0.0    51.3     1.0
   201    9.00    25.6    64.4  1007.4     1.7    261     0.0     0.0    83.2     1.0
   201   10.00    27.1    61.2  1007.1     2.1    157     0.0     0.0    73.4     2.0
   201   11.00    28.4    57.2  1006.9     2.6    177     0.0     0.0    57.5     2.0
   201   12.00    30.7    45.5  1006.0     2.3     16     0.0     0.0    51.8     1.0
   201   13.00    31.7    40.6  1005.6     2.6     30     0.0     0.0    49.6     2.0
   201   14.00    33.0    37.6  1005.3     3.0      2     0.0     0.0    63.2     2.0
   201   15.00    32.4    35.9  1004.9     4.3      2     0.0     0.0    43.1     3.0
   201   16.00    33.3    33.6  1004.4     3.9     19     0.0     0.0    64.3     1.0
   201   17.00    33.5    34.9  1003.7     2.8      5     0.0     0.0    65.5     2.0
   201   18.00    33.1    36.2  1003.6     2.6    329     0.0     0.0    71.6     3.0
   201   19.00    31.6    40.1  1003.4     2.1     92     0.0     0.0    52.0     2.0
   201   20.00    30.9    43.1  1003.4     2.7     67     0.0     0.0    36.0     6.0
   201   21.00    28.7    50.1  1004.0     2.2     95     0.0     0.0    50.9     5.0
   201   22.00    27.4    49.7  1005.0     3.2    104     0.0     0.0    59.1     5.0
   201   23.00    26.0    56.4  1005.4     3.6    188     0.0     0.0    33.3     5.0
   201   24.00    25.1    60.2  1005.1     4.0    208     0.0     0.0    36.3     5.0
   202    1.00    24.7    62.3  1005.2     3.9     70     0.0     0.0    57.5     5.0
   202    2.00    24.8    62.3  1004.5     3.4    191     0.0     0.0    34.9     5.0
   202    3.00    23.0    72.0  1004.4     2.6    185     0.0     0.0    53.6     5.0
   202    4.00    22.6    75.8  1004.2     3.0    137     0.0     0.0    62.0     5.0
   202    5.00    21.8    79.9  1004.4     2.2    196     0.0     0.0    38.7     5.0
   202    6.00    21.5    81.7  1004.8     2.7    205     0.0     0.0    71.0     3.0
   202    7.00    21.9    82.1  1005.0     2.8    165     0.0     0.0    80.2     3.0
   202    8.00    23.9    72.2  1005.2     2.9    194     0.0     0.0    56.3     3.0
   202    9.00    26.3    64.5  1005.1     1.7    247     0.0     0.0    35.9     1.0
   202   10.00    29.1    57.0  1005.1     1.7     25     0.0     0.0    47.4     1.0
   202   11.00    31.6    44.6  1004.9     1.9    326     0.0     0.0    62.8     1.0
   202   12.00    32.5    37.3  1004.9     2.5    357     0.0     0.0    45.6     2.0
   202   13.00    33.7    34.5  1004.5     3.3     14     0.0     0.0    68.8     2.0
   202   14.00    33.2    37.0  1004.2     3.4     33     0.0     0.0    42.8     2.0
   202   15.00    35.3    34.7  1003.5     2.8     81     0.0     0.0    63.7     3.0
   202   16.00    35.0    34.0  1002.9     2.9     45     0.0     0.0    68.2     2.0
   202   17.00    34.8    32.9  1002.3     3.6    351     0.0     0.0    71.6     3.0
   202   18.00    34.0    34.5  1002.1     3.3      0     0.0     0.0    47.3     3.0
   202   19.00    33.5    35.5  1002.5     2.6    351     0.0     0.0    50.5     3.0
   202   20.00    32.4    38.9  1002.6     2.8     14     0.0     0.0    46.7     6.0
   202   21.00    30.0    49.8  1003.2     2.5     14     0.0     0.0    28.1     6.0
   202   22.00    28.0    61.2  1003.7     3.4    354     0.0     0.0    35.0     5.0
   202   23.00    27.5    59.7  1004.1     4.1      8     0.0     0.0    60.0     5.0
   202   24.00    27.5    56.3  1003.9     4.6     47     0.0     0.0    58.2     5.0
   203    1.00    26.2    60.9  1003.7     3.4     33     0.0     0.0    34.6     5.0
   203    2.00    26.2    62.3  1003.7     1.6     61     0.0     0.0    52.3     5.0
   203    3.00    24.5    70.6  1003.6     2.6     19     0.0     0.0    65.6     5.0
   203    4.00    23.7    76.8  1003.4     2.2     16     0.0     0.0    66.1     5.0
   203    5.00    23.0    79.3  1003.5     2.7    357     0.0     0.0    49.8     5.0
   203    6.00    22.7    81.5  1003.9     2.6      2     0.0     0.0    61.3     3.0
   203    7.00    23.0    82.1  1004.2     2.0      2     0.0     0.0    40.5     3.0
   203    8.00    24.9    72.5  1004.3     1.5     50     0.0     0.0    33.1     3.0
   203    9.00    27.6    63.0  1004.4     1.6    337     0.0     0.0    68.4     1.0
   203   10.00    28.9    60.1  1004.4     2.3    340     0.0     0.0    66.0     2.0
   203   11.00    30.7    51.0  1004.3     2.6     19     0.0     0.0    66.4     1.0
   203   12.00    32.2    45.0  1004.1     2.6      2     0.0     0.0    62.5     1.0
   203   13.00    33.3    42.6  1003.6     2.2    270     0.0     0.0    59.3     2.0
   203   14.00    34.0    37.9  1003.1     3.1    326     0.0     0.0    46.5     2.0
   203   15.00    34.9    35.7  1002.5     2.8    320     0.0     0.0    59.1     2.0
   203   16.00    35.4    32.1  1002.2     3.8    351     0.0     0.0    55.4     2.0
   203   17.00    36.0    28.1  1002.2     2.8      2     0.1     1.2    67.3     2.0
   203   18.00    28.6    48.8  1002.8     5.5    177     0.2     0.0    40.3     4.0
   203   19.00    27.6    47.7  1003.6     5.0    278     0.2     0.0    40.0     3.0
   203   20.00    26.7    58.5  1004.5     3.4    357     0.2     0.4    40.3     5.0
   203   21.00    24.9    73.2  1003.9     3.4      0     0.6     0.0    39.6     5.0
   203   22.00    25.1    71.6  1004.4     6.7    331     0.6     0.0    37.3     4.0
   203   23.00    24.2    75.7  1004.4     4.4      0     0.6     0.0    57.3     5.0
   203   24.00    23.9    77.7  1004.6     2.2    241     0.6     0.0    43.1     6.0
   204    1.00    23.2    82.2  1004.9     1.9    149     0.0     0.0    66.0     5.0
   204    2.00    22.9    82.1  1004.7     3.1    216     0.0     0.0    34.9     5.0
   204    3.00    22.2    85.5  1004.6     2.0    340     0.0     0.0    29.6     5.0
   204    4.00    22.2    85.7  1004.7     2.9    334     0.0     0.0    40.8     5.0
   204    5.00    21.6    86.9  1004.9     2.6    303     0.0     0.0    35.5     6.0
   204    6.00    21.4    87.0  1005.2     3.3    306     0.0     0.0    43.0     3.0
   204    7.00    21.7    87.4  1005.5     2.9    250     0.0     0.0    86.3     2.0
   204    8.00    22.7    85.2  1005.7     1.2    160     0.0     0.0    34.8     1.0
   204    9.00    25.8    70.4  1005.6     1.9    225     0.0     0.0    57.2     2.0
   204   10.00    28.5    56.8  1005.3     2.9    244     0.0     0.0    48.1     2.0
   204   11.00    30.9    48.9  1005.1     2.9    275     0.0     0.0    46.5     3.0
   204   12.00    31.4    52.1  1005.0     3.0    345     0.0     0.0    65.6     2.0
   204   13.00    32.7    44.7  1004.6     3.0     53     0.0     0.0    59.9     2.0
   204   14.00    33.7    37.5  1004.0     2.9     28     0.0     0.0    73.6     2.0
   204   15.00    34.6    35.4  1003.4     2.7    329     0.0     0.0    63.5     2.0
   204   16.00    34.6    36.4  1002.8     3.1     25     0.0     0.0    71.9     2.0
   204   17.00    34.4    34.6  1002.3     3.5     25     0.0     0.0    59.0     2.0
   204   18.00    34.7    33.3  1002.0     2.8      5     0.0     0.0    52.4     2.0
   204   19.00    33.8    35.8  1002.0     1.1     70     0.0     0.0    27.1     2.0
   204   20.00    33.2    36.6  1002.0     1.1    351     0.0     0.0    38.6     6.0
   204   21.00    29.7    48.4  1001.9     2.1     47     0.0     0.0    52.2     5.0
   204   22.00    27.4    60.6  1002.4     3.5     45     0.0     0.0    52.6     5.0
   204   23.00    27.5    55.2  1002.2     4.2    101     0.0     0.0    44.4     5.0
   204   24.00    26.7    52.2  1002.1     3.4    126     0.0     0.0    58.4     5.0
   205    1.00    26.0    55.9  1001.9     1.7    143     0.0     0.0    41.2     5.0
   205    2.00    24.5    63.1  1001.6     2.4    118     0.0     0.0    77.1     5.0
   205    3.00    24.0    66.2  1001.1     2.7     98     0.0     0.0    49.7     5.0
   205    4.00    23.0    72.7  1000.9     2.5     28     0.0     0.0    48.8     5.0
   205    5.00    22.7    76.3  1000.8     2.2    354     0.0     0.0    36.8     5.0
   205    6.00    22.1    78.1  1000.6     1.1     22     0.0     0.0    41.5     2.0
   205    7.00    22.4    79.6  1000.2     1.4    123     0.0     0.0    42.9     3.0
   205    8.00    23.8    73.1  1000.2     2.0    165     0.0     0.0    66.5     3.0
   205    9.00    26.0    67.9   999.8     2.2     90     0.0     0.0    54.7     3.0
   205   10.00    28.9    56.4   999.5     1.9    135     0.0     0.0    47.2     1.0
   205   11.00    31.1    50.2   998.7     2.9    104     0.0     0.0    42.4     2.0
   205   12.00    33.6    44.6   998.2     3.6     81     0.0     0.0    53.0     3.0
   205   13.00    34.2    41.2   997.3     3.7     59     0.0     0.0    52.6     3.0
   205   14.00    35.2    36.2   996.7     3.1     16     0.0     0.0    54.9     2.0
   205   15.00    35.9    34.8   995.6     5.1     39     0.0     0.0    63.7     3.0
   205   16.00    35.1    34.6   994.4     5.0    104     0.0     0.0    45.1     3.0
   205   17.00    35.1    34.7   993.6     4.5     59     0.0     0.0    50.6     3.0
   205   18.00    34.0    36.0   992.8     3.9     39     0.0     0.0    51.3     3.0
   205   19.00    32.1    42.9   992.2     4.2     56     0.0     0.0    52.4     3.0
   205   20.00    30.8    45.8   992.3     4.4     56     0.0     0.0    51.9     5.0
   205   21.00    30.1    46.8   992.7     5.0     56     0.0     0.0    53.2     5.0
   205   22.00    28.0    44.7   994.6    11.8    292     0.1     2.0    45.2     4.0
   205   23.00    21.8    80.9   994.4     5.5    298     1.8     2.0    39.7     4.0
   205   24.00    21.6    81.5   995.9     7.4    281     2.9     0.8    39.3     4.0
   206    1.00    22.1    78.8   995.5     4.5    281     0.0     0.0    50.3     5.0
   206    2.00    22.0    81.5   996.1     4.3    210     0.0     0.0    42.5     5.0
   206    3.00    21.5    81.9   995.7     5.9    239     0.0     0.0    48.4     5.0
   206    4.00    21.5    77.8   995.5     6.5    250     0.0     0.0    46.8     5.0
   206    5.00    21.8    78.2   995.8     3.2    151     0.0     0.0    59.2     5.0
   206    6.00    21.6    78.8   995.7     3.5    196     0.0     0.0    40.9     3.0
   206    7.00    21.9    77.4   995.6     2.1    196     0.0     0.0    35.1     3.0
   206    8.00    22.6    73.5   995.5     5.3    244     0.0     0.0    49.3     3.0
   206    9.00    22.9    66.0   995.4     7.8    261     0.0     0.0    51.6     4.0
   206   10.00    23.7    57.2   995.5     7.6    315     0.0     0.0    49.8     4.0
   206   11.00    24.8    52.3   995.5     7.5    272     0.0     0.0    47.7     4.0
   206   12.00    25.3    50.0   995.7     7.3    267     0.0     0.0    50.3     4.0
   206   13.00    26.6    46.8   995.7     6.5    309     0.0     0.0    49.4     4.0
   206   14.00    27.0    44.9   995.5     6.3    272     0.0     0.0    47.9     4.0
   206   15.00    28.1    41.3   995.3     6.6    255     0.0     0.0    48.1     3.0
   206   16.00    28.2    40.6   995.1     7.5    261     0.0     0.0    47.3     4.0
   206   17.00    28.1    38.9   995.0     6.9    272     0.0     0.0    45.5     3.0
   206   18.00    26.7    41.0   995.2     6.7    272     0.0     0.0    44.4     4.0
   206   19.00    26.5    40.3   995.9     5.9    270     0.0     0.0    50.7     4.0
   206   20.00    24.5    42.5   996.5     6.6    275     0.0     0.0    51.4     4.0
   206   21.00    22.9    47.0   997.0     5.1    278     0.0     0.0    48.9     5.0
   206   22.00    21.9    47.6   997.4     5.4    255     0.0     0.0    45.6     5.0
   206   23.00    20.1    59.3   997.7     5.1    267     0.0     0.0    39.5     5.0
   206   24.00    20.6    56.0   997.9     7.7    264     0.0     0.0    48.8     5.0
   207    1.00    20.1    59.1   998.5     5.6    284     0.0     0.0    51.8     5.0
   207    2.00    19.4    62.1   998.7     5.9    239     0.0     0.0    45.2     5.0
   207    3.00    19.2    61.4   997.9     8.0    250     0.0     0.0    48.9     4.0
   207    4.00    19.5    58.9   998.1     7.5    255     0.0     0.0    43.9     5.0
   207    5.00    19.7    57.9   998.1     6.8    253     0.0     0.0    41.6     5.0
   207    6.00    19.0    62.3   998.1     7.5    261     0.0     0.0    45.1     3.0
   207    7.00    19.0    62.2   998.8     5.3    233     0.0     0.0    40.5     3.0
   207    8.00    18.7    68.2   998.8     4.7    233     0.0     0.0    35.2     3.0
   207    9.00    18.5    69.4   999.4     5.1    239     0.4     2.0    43.7     3.0
   207   10.00    18.1    75.6   999.7     5.6    255     1.3     1.6    47.2     3.0
   207   11.00    18.6    75.3  1000.0     3.7    247     1.5     0.0    46.5     3.0
   207   12.00    19.0    78.1  1000.0     2.7    241     2.8     2.0    39.2     3.0
   207   13.00    19.1    82.4  1000.4     3.4    247     2.9     0.0    34.7     3.0
   207   14.00    20.8    68.2  1000.0     3.9    253     2.9     0.0    44.1     3.0
   207   15.00    22.0    57.3   999.8     3.8    270     2.9     0.0    48.3     3.0
   207   16.00    22.4    53.2   999.5     3.9    315     2.9     0.0    49.4     3.0
   207   17.00    23.0    51.2   999.6     3.6    278     2.9     0.0    41.1     2.0
   207   18.00    22.5    52.3   999.7     3.3    264     2.9     0.0    46.9     3.0
   207   19.00    22.4    53.0   999.9     3.4    264     2.9     0.0    52.9     3.0
   207   20.00    21.8    56.2   999.8     3.8    247     2.9     0.0    51.0     5.0
   207   21.00    20.8    61.8  1000.2     3.4    236     2.9     0.4    43.0     5.0
   207   22.00    20.5    61.4  1000.8     3.9    239     2.9     0.0    43.3     5.0
   207   23.00    20.0    64.2  1001.0     5.1    250     2.9     0.0    45.9     5.0
   207   24.00    19.6    65.3  1001.1     4.8    250     2.9     0.0    35.4     5.0
   208    1.00    19.2    66.0  1001.1     4.2    233     0.0     0.0    48.7     5.0
   208    2.00    18.3    70.8  1001.1     4.0    222     0.0     0.0    34.9     5.0
   208    3.00    18.5    69.0  1000.8     4.1    227     0.0     0.0    37.6     5.0
   208    4.00    18.4    67.1  1000.5     4.3    239     0.0     0.0    48.4     5.0
   208    5.00    17.6    70.4  1000.7     5.7    247     0.0     0.0    62.2     5.0
   208    6.00    17.5    72.9  1000.8     3.5    281     0.0     0.0    28.4     3.0
   208    7.00    17.9    70.8  1000.8     3.0    278     0.0     0.0    39.5     3.0
   208    8.00    18.9    68.7  1001.1     4.1    213     0.0     0.0    31.8     3.0
   208    9.00    19.7    71.6  1001.5     3.8    264     0.0     0.0    56.7     3.0
   208   10.00    21.4    56.2  1001.5     5.9    230     0.0     0.0    44.8     3.0
   208   11.00    22.0    55.1  1001.7     6.5    236     0.0     0.0    42.9     3.0
   208   12.00    21.8    60.2  1002.3     6.3    222     0.3     2.0    50.5     3.0
   208   13.00    21.3    69.9  1002.6     4.1    225     0.9     0.0    41.7     3.0
   208   14.00    22.3    64.5  1002.4     3.8    236     0.9     0.0    49.1     2.0
   208   15.00    24.3    49.9  1002.2     6.7    244     0.9     0.0    49.6     3.0
   208   16.00    25.5    44.4  1001.8     6.1    306     0.9     0.0    47.5     3.0
   208   17.00    26.1    39.7  1001.6     5.5    320     0.9     0.0    48.3     3.0
   208   18.00    25.2    40.4  1001.8     5.2    317     0.9     0.0    50.8     4.0
   208   19.00    25.7    40.2  1002.1     5.8    272     0.9     0.0    40.9     3.0
   208   20.00    24.6    43.7  1002.4     4.1    303     0.9     0.0    34.4     5.0
   208   21.00    22.3    48.0  1003.1     3.9    272     0.9     0.0    51.5     5.0
   208   22.00    20.9    53.7  1003.8     4.5    264     0.9     0.0    51.4     5.0
   208   23.00    19.0    62.9  1004.0     4.9    261     0.9     0.0    56.5     6.0
   208   24.00    18.4    66.0  1004.1     4.8    253     0.9     0.0    67.2     6.0
   209    1.00    17.8    71.0  1004.2     5.1    241     0.0     0.0    56.1     5.0
   209    2.00    17.3    73.4  1004.2     2.8    180     0.0     0.0    56.9     5.0
   209    3.00    16.7    75.5  1004.1     4.9    241     0.0     0.0    71.2     5.0
   209    4.00    16.5    76.1  1004.1     5.1    230     0.0     0.0    46.4     5.0
   209    5.00    15.9    76.8  1004.4     6.3    244     0.0     0.0    63.5     5.0
   209    6.00    16.2    79.5  1004.5     6.5    247     0.0     0.0    31.3     3.0
   209    7.00    19.0    66.7  1004.6     5.8    236     0.0     0.0    45.5     3.0
   209    8.00    21.4    60.6  1004.7     6.0    239     0.0     0.0    45.0     3.0
   209    9.00    23.2    48.7  1004.7     8.7    295     0.0     0.0    47.3     4.0
   209   10.00    24.5    44.1  1004.7     9.1    247     0.0     0.0    48.9     4.0
   209   11.00    25.6    41.8  1004.7     9.9    255     0.0     0.0    53.1     4.0
   209   12.00    25.9    39.3  1004.5    10.4    255     0.0     0.0    50.8     4.0
   209   13.00    26.4    37.5  1004.3    10.6    258     0.0     0.0    50.8     4.0
   209   14.00    27.0    37.1  1004.2    10.5    298     0.0     0.0    53.3     4.0
   209   15.00    27.8    35.0  1004.0     9.7    298     0.0     0.0    49.6     4.0
   209   16.00    28.1    32.1  1003.8     9.0    267     0.0     0.0    49.1     4.0
   209   17.00    24.3    41.2  1004.5     9.0    241     0.0     0.0    50.6     4.0
   209   18.00    25.6    41.2  1004.6     6.3    241     0.0     0.0    47.3     4.0
   209   19.00    25.2    36.3  1004.6     6.8    267     0.0     0.0    51.1     4.0
   209   20.00    24.5    41.6  1004.7     3.5    261     0.0     0.0    52.9     5.0
   209   21.00    22.8    51.2  1004.8     3.5    261     0.0     0.0    53.5     5.0
   209   22.00    21.2    61.1  1005.3     4.4    241     0.0     0.0    47.4     5.0
   209   23.00    21.5    49.5  1005.5     4.8    261     0.0     0.0    51.8     5.0
   209   24.00    20.4    56.9  1005.7     4.0    236     0.0     0.0    68.9     5.0
   210    1.00    18.8    64.4  1005.7     4.7    202     0.0     0.0    45.8     5.0
   210    2.00    18.0    69.6  1005.8     3.7    188     0.0     0.0    39.9     5.0
   210    3.00    17.5    70.6  1005.5     4.8    225     0.0     0.0    30.1     5.0
   210    4.00    16.7    71.4  1005.1     4.6    225     0.0     0.0    63.3     5.0
   210    5.00    16.2    73.6  1005.0     4.8    205     0.0     0.0    54.3     5.0
   210    6.00    15.8    72.7  1005.2     3.6    177     0.0     0.0    65.9     3.0
   210    7.00    17.1    68.8  1005.5     3.2    236     0.0     0.0    42.0     3.0
   210    8.00    19.3    60.0  1005.5     2.7    140     0.0     0.0    66.4     2.0
   210    9.00    23.7    46.3  1005.4     3.1    258     0.0     0.0    42.6     2.0
   210   10.00    26.5    41.0  1005.1     3.1    275     0.0     0.0    50.0     2.0
   210   11.00    27.0    41.5  1005.1     5.3    286     0.0     0.0    52.7     3.0
   210   12.00    28.3    35.9  1004.9     4.6    270     0.0     0.0    40.1     3.0
   210   13.00    28.8    34.8  1004.6     4.1    295     0.0     0.0    51.7     3.0
   210   14.00    29.9    28.3  1004.3     5.1    326     0.0     0.0    45.1     2.0
   210   15.00    30.6    29.6  1004.0     4.0    326     0.0     0.0    56.1     3.0
   210   16.00    30.6    28.6  1003.8     3.4    303     0.0     0.0    62.1     2.0
   210   17.00    30.3    27.9  1003.4     5.0    351     0.0     0.0    61.4     3.0
   210   18.00    31.0    25.6  1003.3     4.1     33     0.0     0.0    52.1     3.0
   210   19.00    30.5    26.2  1003.4     2.6     33     0.0     0.0    45.4     3.0
   210   20.00    28.7    30.8  1003.5     2.6     50     0.0     0.0    34.0     6.0
   210   21.00    25.6    35.5  1003.8     3.4     73     0.0     0.0    52.0     5.0
   210   22.00    23.6    42.7  1004.2     3.4    115     0.0     0.0    20.1     6.0
   210   23.00    22.0    49.6  1004.6     2.8    123     0.0     0.0    29.2     6.0
   210   24.00    22.2    48.3  1004.7     2.8    137     0.0     0.0    43.9     6.0
   211    1.00    21.2    54.0  1004.8     3.0    126     0.0     0.0    63.4     5.0
   211    2.00    20.6    56.8  1004.6     3.5    123     0.0     0.0    67.8     5.0
   211    3.00    19.3    63.0  1004.5     2.4    151     0.0     0.0    37.9     5.0
   211    4.00    19.0    64.1  1004.4     3.5     87     0.0     0.0    39.3     6.0
   211    5.00    18.2    68.4  1004.4     3.2     19     0.0     0.0    42.7     5.0
   211    6.00    17.1    72.7  1004.7     3.4     11     0.0     0.0    47.2     3.0
   211    7.00    19.3    67.1  1005.1     3.5     33     0.0     0.0    33.0     3.0
   211    8.00    22.1    62.7  1005.2     3.5     25     0.0     0.0    49.8     3.0
   211    9.00    24.3    53.4  1005.1     3.4     22     0.0     0.0    43.3     3.0
   211   10.00    26.5    50.1  1005.1     4.1     95     0.0     0.0    65.1     3.0
   211   11.00    28.6    39.8  1005.1     5.3     39     0.0     0.0    47.0     3.0
   211   12.00    29.3    38.2  1005.1     6.6     42     0.0     0.0    48.5     4.0
   211   13.00    30.2    34.0  1004.6     6.4     53     0.0     0.0    50.5     4.0
   211   14.00    31.1    30.0  1004.4     7.0     59     0.0     0.0    48.5     4.0
   211   15.00    31.2    30.8  1004.0     6.8     56     0.0     0.0    52.6     4.0
   211   16.00    31.1    31.1  1003.7     7.2     45     0.0     0.0    52.3     4.0
   211   17.00    31.3    31.1  1003.4     6.7     50     0.0     0.0    51.7     4.0
   211   18.00    30.9    31.1  1003.3     7.5     56     0.0     0.0    50.5     4.0
   211   19.00    30.2    31.9  1003.4     6.2     56     0.0     0.0    52.0     4.0
   211   20.00    28.7    33.8  1003.8     5.8     56     0.0     0.0    53.2     4.0
   211   21.00    26.5    36.4  1004.3     4.9     56     0.0     0.0    53.6     4.0
   211   22.00    25.2    45.0  1004.9     5.1     53     0.0     0.0    53.0     5.0
   211   23.00    24.9    49.9  1005.0     4.5     28     0.0     0.0    52.2     5.0
   211   24.00    24.0    54.3  1004.9     5.4     39     0.0     0.0    52.0     5.0
   212    1.00    23.0    59.2  1005.3     4.3    357     0.0     0.0    62.9     5.0
   212    2.00    23.1    54.5  1005.2     3.7    354     0.0     0.0    27.9     5.0
   212    3.00    22.3    58.1  1005.1     2.7    188     0.0     0.0    45.5     5.0
   212    4.00    21.1    66.2  1005.1     4.6      8     0.0     0.0    21.3     5.0
   212    5.00    20.6    74.0  1005.1     3.6      2     0.0     0.0    64.2     5.0
   212    6.00    19.7    77.5  1005.1     2.6    351     0.0     0.0    54.0     2.0
   212    7.00    20.1    76.5  1005.4     2.1     84     0.0     0.0    43.7     3.0
   212    8.00    22.1    71.2  1005.8     2.2    118     0.0     0.0    38.8     2.0
   212    9.00    25.0    60.8  1006.0     2.3     22     0.0     0.0    58.4     2.0
   212   10.00    27.3    53.7  1005.4     4.6     92     0.0     0.0    56.8     2.0
   212   11.00    27.9    53.0  1005.2     6.7     73     0.0     0.0    52.3     4.0
   212   12.00    28.8    44.1  1005.2     6.3     67     0.0     0.0    49.4     3.0
   212   13.00    29.1    44.1  1004.8     6.3     73     0.0     0.0    46.4     4.0
   212   14.00    29.7    41.1  1004.3     6.5     67     0.0     0.0    47.3     4.0
   212   15.00    30.1    41.9  1004.0     6.4     47     0.0     0.0    43.8     3.0
   212   16.00    30.4    41.3  1003.4     5.5     28     0.0     0.0    44.1     3.0
   212   17.00    31.1    39.3  1003.0     5.4     36     0.0     0.0    48.4     3.0
   212   18.00    30.2    40.8  1002.7     5.1     50     0.0     0.0    53.1     3.0
   212   19.00    29.9    44.3  1002.3     6.2     56     0.0     0.0    50.9     4.0
   212   20.00    28.8    50.4  1002.3     4.6     56     0.0     0.0    52.0     5.0
   212   21.00    27.1    57.1  1002.8     4.3     53     0.0     0.0    45.7     6.0
   212   22.00    26.1    61.0  1003.4     3.3    348     0.0     0.0    38.2     6.0
   212   23.00    25.5    67.6  1003.3     3.4    343     0.0     0.0    46.0     5.0
   212   24.00    25.7    62.5  1003.2     4.0     14     0.0     0.0    59.0     5.0
