   day   time   temp    humid  presur    wind   wdir    rain    int     skow     pasq

   335    1.00     7.5    69.6  1005.0     2.4    104     0.0     0.0    61.1     5.0
   335    2.00     7.6    71.4  1004.9     2.0    101     0.0     0.0    45.7     6.0
   335    3.00     7.4    75.0  1005.0     3.6    182     0.0     0.0    47.7     5.0
   335    4.00     7.1    75.1  1005.1     4.5    163     0.0     0.0    46.0     4.0
   335    5.00     7.1    76.8  1005.0     6.0     59     0.0     0.0    47.8     4.0
   335    6.00     5.3    77.9  1004.8     8.7     70     0.0     0.0    45.6     4.0
   335    7.00     4.3    78.5  1004.7     9.0     59     0.0     0.0    44.9     4.0
   335    8.00     3.4    79.5  1005.1     9.6    180     0.0     0.0    44.5     4.0
   335    9.00     3.0    83.1  1005.2     9.3    174     0.0     0.0    48.2     4.0
   335   10.00     2.7    83.5  1005.3     9.3    182     0.0     0.0    45.2     4.0
   335   11.00     2.9    83.1  1005.1     8.3    171     0.0     0.0    44.1     4.0
   335   12.00     2.6    82.9  1004.3     7.8    163     0.0     0.0    44.1     4.0
   335   13.00     2.4    83.3  1003.6     6.9    160     0.0     0.0    44.9     4.0
   335   15.00     1.9    78.2  1003.7     5.1     92     0.0     0.0    48.2     4.0
   335   16.00     1.7    76.9  1003.4     5.1     95     0.0     0.0    47.2     4.0
   335   17.00     1.6    75.5  1003.1     3.8    101     0.0     0.0    48.2     5.0
   335   18.00     1.6    74.4  1002.9     5.9    101     0.0     0.0    47.0     4.0
   335   19.00     1.3    75.1  1002.8     4.5     98     0.0     0.0    45.9     5.0
   335   20.00     1.2    78.1  1002.8     3.3    168     0.0     0.0    48.9     5.0
   335   21.00     1.0    80.9  1002.5     3.3    165     0.0     0.0    47.1     5.0
   335   22.00     1.0    82.5  1002.9     2.7     73     0.0     0.0    49.3     5.0
   335   23.00     1.1    82.6  1002.9     2.2    185     0.0     0.0    47.8     5.0
   335   24.00     1.4    82.4  1003.5     1.8    163     0.0     0.0    44.3     5.0
   336    1.00     1.2    83.6  1003.1     2.7    168     0.0     0.0    44.2     5.0
   336    2.00     1.2    83.9  1003.3     1.7    177     0.0     0.0    50.2     6.0
   336    3.00     1.3    84.2  1002.9     2.2    174     0.0     0.0    41.3     5.0
   336    4.00     1.7    83.3  1003.8     1.2    165     0.0     0.0    55.4     5.0
   336    5.00     1.5    82.7  1003.9     1.4    154     0.0     0.0    64.5     6.0
   336    6.00     2.0    81.9  1004.9     0.9    123     0.1     0.8    70.1     6.0
   336    7.00     1.9    82.3  1005.4     0.8     22     0.4     0.0    65.1     6.0
   336    8.00     1.8    81.4  1006.1     1.6    196     0.4     0.0    48.8     2.0
   336    9.00     2.5    81.0  1005.9     1.1     84     0.4     0.0    53.5     1.0
   336   10.00     2.1    80.7  1006.0     1.7    157     1.3     0.4    43.7     2.0
   336   11.00     2.6    81.6  1006.7     3.5    165     4.0    16.8    71.2     2.0
   336   12.00     2.8    81.7  1005.9     3.1     61     4.1     0.0    42.2     3.0
   336   13.00     3.6    78.2  1005.6     2.0    101     4.2     1.2    50.3     2.0
   336   14.00     3.4    73.7  1005.8     1.5     92     4.2     0.0    63.9     1.0
   336   15.00     3.7    74.3  1005.3     1.6     84     5.0     8.8    59.4     2.0
   336   16.00     3.0    80.9  1005.5     1.7    177    11.0     2.0    46.1     2.0
   336   17.00     3.2    79.9  1006.2     1.8     64    11.0     0.0    44.3     5.0
   336   18.00     3.3    80.5  1006.5     1.7    112    11.0     0.0    60.0     5.0
   336   19.00     3.0    80.2  1007.3     1.8    120    11.0     0.0    38.4     6.0
   336   20.00     3.0    81.2  1008.2     1.5    126    11.0     0.0    52.9     6.0
   336   21.00     2.9    81.9  1008.5     1.3     50    11.0     0.0    52.4     5.0
   336   22.00     2.7    82.0  1009.0     0.6    149    11.0     0.0    40.8     5.0
   336   23.00     3.3    82.3  1009.1     0.7      8    11.0     0.0    48.4     6.0
   336   24.00     3.0    82.8  1009.1     0.9     78    11.0     0.0    57.0     6.0
   337    1.00     3.0    82.5  1008.8     0.7    149     0.0     0.0    55.7     6.0
   337    2.00     2.9    81.4  1008.7     1.0    120     0.0     0.0    65.6     5.0
   337    3.00     3.7    81.2  1008.5     0.8    104     0.0     0.0    50.4     6.0
   337    4.00     3.3    81.3  1008.5     1.0     87     0.0     0.0    54.1     5.0
   337    5.00     3.5    81.3  1007.5     1.0    101     0.0     0.0    38.8     6.0
   337    6.00     3.5    81.1  1007.0     1.2     78     0.0     0.0    36.2     5.0
   337    7.00     3.5    81.1  1006.8     1.4    101     0.0     0.0    58.7     5.0
   337    8.00     3.5    81.3  1006.8     2.0     90     0.0     0.0    40.8     3.0
   337    9.00     3.3    84.6  1006.2     3.6     84     0.0     0.0    40.5     3.0
   337   10.00     3.6    85.7  1005.2     3.2    165     0.0     0.0    48.5     2.0
   337   11.00     4.1    84.2  1004.6     2.8     84     0.0     0.0    51.7     2.0
   337   12.00     4.5    82.2  1004.2     3.0    104     0.0     0.0    43.3     2.0
   337   13.00     4.9    78.9  1003.5     2.8    115     0.0     0.0    47.2     2.0
   337   14.00     4.9    77.5  1002.9     2.0     92     0.0     0.0    45.4     2.0
   337   15.00     5.0    75.5  1003.0     3.1    120     0.0     0.0    45.4     3.0
   337   16.00     5.1    75.9  1003.3     0.9     42     0.0     0.0    56.4     1.0
   337   17.00     4.8    78.9  1003.5     1.8    115     0.0     0.0    32.7     5.0
   337   18.00     4.9    80.2  1003.6     1.6    171     0.0     0.0    59.8     6.0
   337   19.00     4.7    83.2  1003.8     2.5    182     1.3     2.0    50.4     5.0
   337   20.00     4.8    84.3  1003.6     2.4    126     2.7     0.8    67.2     5.0
   337   21.00     4.8    85.9  1005.5     2.0     19     3.1     1.2    51.4     6.0
   337   22.00     4.9    85.2  1005.4     2.4    106     4.2     4.0    57.7     5.0
   337   23.00     4.8    86.3  1005.0     2.8    118     5.3     0.0    58.0     5.0
   337   24.00     4.9    85.3  1005.6     2.7    120     5.4     0.4    44.8     5.0
   338    1.00     4.8    85.8  1005.6     2.4    101     0.2     0.0    43.0     5.0
   338    2.00     4.9    85.1  1005.7     2.4    112     0.2     0.0    47.3     5.0
   338    3.00     5.0    85.3  1005.4     3.0    101     0.2     0.0    50.8     5.0
   338    4.00     5.0    85.4  1005.5     3.3    106     1.1     4.4    49.6     5.0
   338    5.00     4.9    84.7  1005.4     2.7    109     2.0     2.0    41.3     5.0
   338    6.00     4.9    84.7  1005.4     2.7    210     3.3     2.4    41.7     5.0
   338    7.00     5.1    84.6  1005.5     2.0    126     4.5     2.4    64.4     5.0
   338    8.00     5.2    84.6  1005.2     1.1    118     5.6     1.6    54.0     2.0
   338   10.00     5.5    86.2  1004.4     1.2    126     7.9     3.2    27.9     3.0
   338   11.00     5.8    86.6  1004.7     2.2    267     9.6     3.2    35.5     2.0
   338   22.00     3.8    86.0  1006.9     6.4    104    17.5     0.0    36.0     4.0
   338   23.00     3.5    86.4  1008.0     6.8    315    17.6     0.0    40.5     4.0
   339    4.00     2.8    77.6  1010.9     3.2    303     0.1     0.0    49.3     5.0
   339    5.00     2.7    75.2  1011.2     5.8     98     0.1     0.0    49.6     5.0
   339    6.00     2.7    72.1  1011.4     5.2     98     0.1     0.0    45.3     5.0
   339    7.00     2.8    70.6  1012.3     5.5    104     0.1     0.0    49.8     5.0
   339    8.00     3.0    68.9  1012.7     5.1    104     0.1     0.0    49.2     3.0
   339    9.00     3.2    65.8  1013.7     6.1    101     0.1     0.0    50.0     3.0
   339   10.00     3.5    64.4  1014.4     5.8    101     0.1     0.0    49.8     3.0
   339   11.00     4.2    62.9  1014.9     6.4    101     0.1     0.0    49.4     3.0
   339   12.00     4.1    61.4  1014.7     6.8     98     0.1     0.0    45.0     4.0
   339   14.00     5.7    55.7  1014.3     3.8    106     0.1     0.0    48.6     3.0
   339   15.00     5.6    55.2  1014.1     2.4    109     0.1     0.0    45.1     3.0
   339   16.00     5.6    56.0  1014.2     2.0    104     0.1     0.0    46.7     3.0
   339   17.00     4.6    61.4  1014.3     1.5    112     0.1     0.0     9.4     5.0
   339   18.00     3.1    67.4  1014.1     1.3    129     0.1     0.0    24.4     5.0
   339   19.00     2.5    70.8  1014.4     1.2      2     0.1     0.0    29.7     6.0
   339   20.00     2.7    71.3  1014.3     1.3     14     0.1     0.0    44.4     5.0
   339   21.00     1.7    72.7  1014.4     1.4      5     0.1     0.0    23.4     5.0
   339   22.00     2.0    73.4  1014.1     1.5      5     0.1     0.0    28.3     6.0
   339   23.00     1.3    74.3  1013.8     2.0    120     0.1     0.0    70.9     5.0
   339   24.00     1.0    77.1  1013.6     1.4     45     0.1     0.0    65.2     6.0
   340    1.00     1.5    77.7  1013.6     2.2    126     0.0     0.0    65.5     6.0
   340    2.00     0.2    81.2  1012.8     2.5     98     0.0     0.0    46.6     6.0
   340    3.00     1.1    84.1  1012.5     2.2     61     0.0     0.0    67.2     5.0
   340    4.00     0.3    84.8  1011.8     2.2    126     0.0     0.0    67.8     5.0
   340    5.00    -0.1    83.2  1012.1     1.1     11     0.0     0.0    42.4     5.0
   340    6.00    -0.7    84.2  1011.9     1.5    140     0.0     0.0    78.5     5.0
   340    7.00    -0.3    84.3  1011.6     0.7    233     0.0     0.0    63.8     6.0
   340    8.00     0.2    84.5  1011.6     0.8    202     0.0     0.0    51.3     2.0
   340    9.00     0.7    84.6  1011.9     0.7    180     0.0     0.0    51.4     2.0
   340   10.00     0.8    84.9  1011.9     0.9     81     0.0     0.0    64.3     2.0
   340   11.00     1.0    85.9  1011.4     1.0     22     0.0     0.0    80.9     2.0
   340   12.00     1.9    85.4  1010.7     1.4    191     0.0     0.0    44.7     3.0
   340   13.00     1.8    85.3  1010.1     1.1     16     0.1     0.0    49.9     1.0
   340   14.00     2.5    84.9  1009.5     1.5    171     0.1     0.0    48.7     2.0
   340   15.00     3.5    84.0  1009.4     1.2    146     0.0     0.0    44.4     2.0
   340   16.00     3.5    83.4  1009.2     1.5    180     0.0     0.0    33.1     3.0
   340   17.00     2.9    82.7  1009.0     3.0    191     0.0     0.0    41.4     5.0
   340   18.00     2.9    83.2  1008.9     2.9    199     0.0     0.0    41.0     5.0
   340   19.00     2.7    83.4  1009.2     2.4    205     0.0     0.0    41.0     5.0
   340   20.00     2.7    84.5  1008.8     2.3    210     0.0     0.0    40.4     5.0
   340   21.00     2.0    85.8  1008.7     1.4      5     0.0     0.0    48.3     5.0
   340   22.00     2.7    85.9  1008.3     0.8    132     0.0     0.0    40.0     6.0
   340   23.00     2.6    87.0  1008.5     0.7    118     0.0     0.0    62.3     5.0
   340   24.00     2.7    87.0  1008.2     1.0      8     0.0     0.0    34.9     5.0
   341    1.00     3.0    87.0  1008.1     1.6    191     0.0     0.0    42.2     6.0
   341    2.00     2.6    87.1  1007.4     1.1    140     0.0     0.0    48.4     5.0
   341    3.00     2.9    87.6  1007.8     2.1     22     0.0     0.0    39.8     6.0
   341    4.00     2.7    87.5  1007.2     1.3     16     0.0     0.0    36.1     5.0
   341    5.00     2.9    87.4  1007.3     1.2    188     0.0     0.0    77.5     5.0
   341    6.00     3.2    87.7  1007.2     1.0    143     0.0     0.0    40.9     5.0
   341    7.00     3.3    87.6  1006.9     1.7    151     0.0     0.0    57.8     5.0
   341    8.00     2.9    87.5  1006.9     1.4    151     0.0     0.0    31.0     3.0
   341    9.00     3.0    86.9  1007.1     1.6    149     0.0     0.0    64.4     3.0
   341   10.00     3.3    86.7  1007.0     1.1    157     0.0     0.0    51.9     3.0
   341   12.00     4.1    85.0  1006.5     1.3    109     0.0     0.0    47.1     3.0
   341   13.00     4.3    83.7  1006.2     0.9    157     0.0     0.0    40.3     1.0
   341   15.00     5.4    80.3  1005.9     1.1    140     0.0     0.0    50.5     2.0
   341   17.00     5.2    78.1  1006.1     1.7    188     0.0     0.0    54.9     5.0
   341   18.00     4.7    79.6  1006.3     1.2    357     0.0     0.0    21.4     5.0
   341   19.00     4.2    80.2  1006.5     1.7     11     0.0     0.0    22.5     5.0
   341   20.00     4.0    81.6  1006.6     2.4    171     0.0     0.0    42.8     6.0
   341   21.00     4.0    82.4  1006.6     1.4    196     0.0     0.0    19.3     5.0
   341   22.00     3.4    84.8  1006.3     1.6     19     0.0     0.0    19.5     5.0
   341   23.00     2.8    86.1  1006.9     1.8    351     0.0     0.0    21.7     5.0
   341   24.00     1.9    85.9  1006.6     1.5    312     0.0     0.0    47.7     5.0
   342    1.00     2.0    85.8  1006.9     2.1    165     0.0     0.0    32.3     5.0
   342    2.00     1.8    85.9  1006.7     2.4    357     0.0     0.0    40.9     5.0
   342    3.00     2.0    85.3  1007.3     1.4    202     0.0     0.0    43.1     5.0
   342    4.00     2.0    85.1  1006.9     2.3    165     0.0     0.0    26.5     6.0
   342    5.00     1.9    84.7  1007.0     1.8    191     0.0     0.0    43.1     5.0
   342    6.00     1.1    83.8  1006.9     0.7     19     0.0     0.0    42.3     6.0
   342    7.00     1.3    83.8  1007.2     0.6    160     0.0     0.0    42.3     6.0
   342    8.00     1.5    83.5  1007.7     1.8    126     0.0     0.0    67.7     3.0
   342    9.00     2.3    84.6  1008.1     1.2    120     0.0     0.0    58.5     2.0
   342   10.00     4.1    83.4  1008.1     1.6    202     0.0     0.0    35.5     2.0
   342   11.00     6.2    74.6  1007.8     1.0    118     0.0     0.0    40.2     2.0
   342   12.00     8.2    67.2  1006.9     1.8    109     0.0     0.0    39.8     2.0
   342   13.00     9.3    63.8  1005.9     1.2    137     0.0     0.0    51.0     1.0
   342   14.00    10.5    61.1  1005.6     2.2    123     0.0     0.0    58.3     3.0
   342   15.00    11.5    56.7  1004.9     1.5    118     0.0     0.0    53.4     1.0
   342   16.00    11.0    58.3  1005.1     1.4    126     0.0     0.0    50.2     3.0
   342   17.00     9.1    66.1  1004.9     1.5    109     0.0     0.0    50.3     5.0
   342   18.00     7.8    71.5  1005.0     1.7    165     0.0     0.0    48.0     6.0
   342   19.00     6.8    74.8  1004.9     1.0      5     0.0     0.0    40.1     5.0
   342   20.00     5.9    77.2  1004.8     1.5    115     0.0     0.0    60.4     5.0
   342   21.00     5.5    79.1  1004.8     2.0    129     0.0     0.0    58.0     5.0
   342   22.00     5.3    80.1  1004.3     2.1    123     0.0     0.0    36.1     5.0
   342   23.00     5.3    81.0  1003.8     1.1    112     0.0     0.0    56.8     6.0
   342   24.00     5.0    81.2  1003.4     2.2    118     0.0     0.0    40.0     6.0
   343    1.00     4.4    82.0  1002.9     2.3    135     0.0     0.0    41.7     6.0
   343    2.00     5.5    83.1  1002.3     3.0    129     0.0     0.0    68.8     5.0
   343    3.00     5.0    82.7  1002.0     1.1      8     0.0     0.0    50.5     5.0
   343    4.00     5.1    82.8  1001.3     1.0     19     0.0     0.0    37.9     6.0
   343    5.00     5.6    82.6  1001.1     1.0    177     0.0     0.0    42.4     5.0
   343    6.00     5.8    83.7  1000.8     1.4     45     0.0     0.0    48.5     6.0
   343    7.00     6.1    84.7  1000.1     2.4    151     0.1     0.4    45.0     5.0
   343    8.00     6.9    85.1   999.4     2.2    185     0.2     0.0    42.3     2.0
   343    9.00     7.9    85.6   999.2     1.5    191     0.3     0.4    40.3     2.0
   343   10.00     9.1    85.6   998.2     1.8    177     0.3     0.0    70.8     2.0
   343   11.00    11.5    77.6   997.3     2.3    143     0.3     0.0    38.4     3.0
   343   12.00    13.7    74.0   996.4     1.0    120     0.3     0.0    45.9     1.0
   343   13.00    15.1    70.8   995.4     0.9    137     0.3     0.0    70.8     2.0
   343   14.00    16.7    67.9   994.4     1.3    174     0.3     0.0    38.8     3.0
   343   15.00    17.9    64.1   993.6     0.9    101     0.3     0.0    55.5     2.0
   343   16.00    17.4    63.0   992.7     1.4    115     0.3     0.0    36.7     1.0
   343   17.00    14.3    68.1   991.9     4.1    196     0.3     0.0    41.1     6.0
   343   18.00    14.2    64.9   991.6     4.6    196     0.3     0.0    34.8     6.0
   343   19.00    12.9    65.0   991.5     5.3    163     0.3     0.0    46.3     5.0
   343   20.00     9.2    61.8   994.8    15.3     98     0.4     0.4    36.9     4.0
   343   21.00     6.6    49.6   997.4    18.8    106     0.4     0.0    44.5     4.0
   343   22.00     5.4    50.2   999.4    19.2     98     0.4     0.0    45.6     4.0
   343   23.00     5.0    49.4  1000.9    18.2    106     0.5     0.0    50.3     4.0
   343   24.00     4.3    49.5  1001.6    16.5    104     0.5     0.0    49.8     4.0
   344    1.01     3.7    50.2  1002.9    15.7    106     0.0     0.0    50.2     4.0
   344    2.02     3.3    50.8  1003.4    13.8    112     0.0     0.0    51.4     4.0
   344    3.03     3.2    50.3  1003.8    15.8    109     0.0     0.0    50.5     4.0
   344    4.04     3.0    50.0  1004.9    10.9    106     0.0     0.0    52.2     4.0
   344    5.05     3.2    50.6  1005.3    11.6    106     0.0     0.0    47.6     4.0
   344    6.06     2.6    48.8  1005.5     7.8    300     0.0     0.0    50.1     4.0
   344    7.07     2.4    50.3  1005.5     9.9    298     0.0     0.0    49.6     5.0
   344    8.08     2.1    49.5  1005.5     8.7    292     0.0     0.0    51.1     4.0
   344    9.09     2.6    47.8  1005.2    10.7    101     0.0     0.0    48.8     4.0
   344   10.00     3.2    47.4  1005.1    11.7     98     0.0     0.0    49.3     4.0
   344   15.05     3.1    38.7  1005.7    12.1    303     0.0     0.0    48.8     4.0
   344   16.06     2.6    39.7  1006.2    10.3     98     0.0     0.0    46.0     4.0
   344   17.07     2.3    41.4  1006.7     7.6    309     0.0     0.0    39.3     4.0
   344   18.08     1.7    46.7  1007.0     8.5    303     0.0     0.0    52.0     5.0
   344   19.09     1.4    47.7  1007.6     7.2    306     0.0     0.0    45.5     5.0
   344   20.00     1.4    47.7  1007.9     7.4    303     0.0     0.0    42.2     5.0
   344   21.01     1.4    48.6  1008.2     7.6    303     0.0     0.0    43.8     5.0
   344   22.02     1.3    47.6  1008.5     6.9    309     0.0     0.0    45.0     5.0
   344   23.03     1.3    48.5  1008.6     7.2    309     0.0     0.0    37.8     5.0
   344   24.04     1.0    49.3  1008.8     7.0    306     0.0     0.0    35.4     5.0
   345    1.01     0.8    52.6  1009.3     7.0    309     0.0     0.0    35.8     5.0
   345    2.02     0.9    49.0  1009.7     6.3    309     0.0     0.0    36.7     5.0
   345    3.03     0.6    47.3  1010.2     5.4    312     0.0     0.0    35.4     5.0
   345    4.04     0.4    49.3  1010.0     5.6    315     0.0     0.0    34.7     5.0
   345    5.05     0.4    50.1  1010.0     6.1    312     0.0     0.0    38.6     5.0
   345    6.06     0.3    49.8  1010.2     6.8    309     0.0     0.0    38.0     5.0
   345    7.07     0.0    50.9  1010.2     7.0    312     0.0     0.0    43.5     5.0
   345    8.08    -0.3    51.8  1010.3     7.2    306     0.0     0.0    44.5     4.0
   345    9.09    -0.1    49.4  1010.4     7.1    306     0.0     0.0    37.9     4.0
   345   10.00     0.5    45.4  1010.3     7.5    312     0.0     0.0    48.3     4.0
   345   11.01     1.0    41.4  1010.2     6.9    312     0.0     0.0    40.0     4.0
   345   12.02     2.0    37.4  1009.9     6.4    312     0.0     0.0    41.3     3.0
   345   13.03     2.7    35.5  1009.4     5.5    118     0.0     0.0    37.3     3.0
   345   14.04     2.6    34.9  1008.8     5.8    101     0.0     0.0    45.8     4.0
   345   15.05     2.6    35.2  1008.6     6.0     98     0.0     0.0    46.4     4.0
   345   16.06     2.1    37.7  1008.6     5.5    298     0.0     0.0    49.0     4.0
   345   17.07     1.2    40.8  1008.8     4.9    303     0.0     0.0    49.2     6.0
   345   18.08     0.4    42.4  1008.5     5.0    303     0.0     0.0    51.9     5.0
   345   19.09    -0.7    47.5  1008.4     1.4     14     0.0     0.0    33.7     6.0
   345   20.00    -1.1    49.0  1007.7     1.4     16     0.0     0.0    43.6     6.0
   345   21.01    -1.7    51.2  1007.3     1.6      8     0.0     0.0    34.9     5.0
   345   22.02    -2.5    53.3  1006.4     1.3      8     0.0     0.0    36.1     6.0
   345   23.03    -3.1    56.3  1005.9     1.7      2     0.0     0.0    31.4     6.0
   345   24.04    -3.6    58.0  1005.1     1.7    343     0.0     0.0    45.9     6.0
   346    1.01    -3.8    58.5  1004.5     1.9     11     0.0     0.0    27.9     6.0
   346    2.02    -3.8    57.4  1004.1     1.6      8     0.0     0.0    32.4     6.0
   346    3.03    -4.2    60.4  1003.8     2.1     16     0.0     0.0    47.6     5.0
   346    4.04    -3.8    58.9  1003.1     1.9      8     0.0     0.0    26.3     6.0
   346    5.05    -3.8    61.6  1002.6     1.6    351     0.0     0.0    33.6     6.0
   346    6.06    -3.1    61.8  1002.0     2.0     50     0.0     0.0    54.2     6.0
   346    7.07    -2.1    56.0  1001.6     1.9      5     0.0     0.0    31.5     6.0
   346    8.08    -1.5    58.7  1001.3     1.9     11     0.0     0.0    34.1     3.0
   346    9.09    -0.8    55.5  1000.8     2.5    168     0.0     0.0    28.3     2.0
   346   10.00     0.2    56.0  1000.6     2.0    165     0.0     0.0    30.4     2.0
   346   11.01     0.9    53.4  1000.5     1.4    168     0.0     0.0    39.5     2.0
   346   12.02     1.6    56.3   999.9     2.2    185     0.0     0.0    47.6     3.0
   346   13.03     4.1    51.9   998.4     1.3    168     0.0     0.0    40.3     2.0
   346   14.04     6.2    45.5   997.4     1.0    157     0.0     0.0    50.7     1.0
   346   15.05     5.8    48.3   996.9     2.6    112     0.0     0.0    33.3     2.0
   346   16.06     6.4    49.0   997.0     3.5    306     0.0     0.0    45.8     3.0
   346   17.07     5.3    53.9   997.0     6.1    104     0.0     0.0    45.4     5.0
   346   20.00     2.1    63.7   997.9     0.9    168     0.0     0.0    39.1     6.0
   346   21.01     2.4    64.3   997.8     3.2    118     0.0     0.0    31.0     5.0
   346   22.02     2.9    62.1   998.0     6.1    106     0.0     0.0    49.5     5.0
   346   23.03     3.6    59.0   997.8     5.9    106     0.0     0.0    35.7     5.0
   346   24.04     4.0    56.8   998.1     4.5    101     0.0     0.0    45.4     5.0
   347    1.01     3.8    67.8   998.0     6.6    106     0.0     0.0    30.4     4.0
   347    2.02     4.0    67.1   997.2     5.4    106     0.0     0.0    38.7     4.0
   347    3.03     4.4    63.0   997.0     5.7     98     0.0     0.0    58.6     5.0
   347    4.04     3.0    66.2   996.8     2.1    149     0.0     0.0    57.5     5.0
   347    5.05     1.3    70.7   997.4     2.2    281     0.0     0.0    67.4     5.0
   347    6.06     2.0    71.7   998.0     1.7    157     0.0     0.0    28.3     5.0
   347    7.07     1.9    71.2   998.1     2.4    143     0.0     0.0    29.5     5.0
   347    8.08     2.1    70.2   998.0     1.5     16     0.0     0.0    27.7     6.0
   347    9.09     2.1    70.7   998.8     2.3    191     0.0     0.0    33.7     3.0
   347   10.00     2.5    70.7   999.4     2.0    213     0.0     0.0    31.4     3.0
   347   11.01     4.9    64.7   999.2     5.4    104     0.0     0.0    40.2     3.0
   347   12.02     5.3    48.9   998.8     6.6    306     0.0     0.0    42.1     3.0
   347   13.03     5.3    51.7   998.3     4.8     98     0.0     0.0    47.2     3.0
   347   14.04     5.5    48.4   998.5     5.2    106     0.0     0.0    49.3     3.0
   347   15.05     5.6    45.2   998.9     5.3    300     0.0     0.0    51.1     3.0
   347   16.06     4.6    45.3   999.5     5.9    309     0.0     0.0    42.9     3.0
   347   17.07     3.8    49.4  1000.0     5.7     98     0.0     0.0    45.1     5.0
   347   18.08     2.9    53.9  1000.4     5.8    101     0.0     0.0    53.3     4.0
   347   19.09     2.7    55.9  1000.8     6.6    104     0.0     0.0    50.5     4.0
   347   20.00     2.3    58.0  1001.4     5.9    109     0.0     0.0    50.3     5.0
   347   21.01     1.4    60.1  1001.7     4.3    292     0.0     0.0    48.9     5.0
   347   22.02     1.2    61.2  1002.1     4.8    286     0.0     0.0    44.1     5.0
   347   23.03     1.7    59.4  1002.3     4.4    284     0.0     0.0    46.1     6.0
   347   24.04     1.1    59.7  1002.3     4.4    289     0.0     0.0    50.1     6.0
   348    1.01     1.4    58.7  1002.4     4.6    289     0.0     0.0    49.7     5.0
   348    2.02     1.5    56.6  1002.7     5.4    104     0.0     0.0    48.2     5.0
   348    3.03     1.7    56.8  1003.0     5.5    298     0.0     0.0    48.5     5.0
   348    4.04     1.5    56.6  1003.0     5.2    306     0.0     0.0    48.0     5.0
   348    5.05     1.3    57.8  1003.5     3.9    120     0.0     0.0    46.4     5.0
   348    6.06     1.2    57.3  1003.9     4.1    292     0.0     0.0    50.7     5.0
   348    7.07     1.4    55.0  1004.2     5.4    289     0.0     0.0    48.1     5.0
   348    8.08     1.2    54.9  1004.6     4.2    289     0.0     0.0    49.2     5.0
   348    9.09     1.1    52.0  1005.2     4.6    289     0.0     0.0    48.0     3.0
   348   10.00     1.7    47.4  1005.8     5.9    286     0.0     0.0    49.5     3.0
   348   11.01     1.8    42.9  1005.9     8.3    106     0.0     0.0    51.4     4.0
   348   12.02     2.7    39.1  1005.8     8.5    101     0.0     0.0    50.5     4.0
   348   13.03     3.1    36.1  1005.6     6.7    106     0.0     0.0    47.0     3.0
   348   14.04     3.2    35.4  1005.4     6.0    101     0.0     0.0    46.3     4.0
   348   15.05     2.8    38.1  1005.7     5.1    323     0.0     0.0    37.6     3.0
   348   16.06     2.0    39.8  1006.3     5.8    112     0.0     0.0    39.0     3.0
   348   17.07     1.0    40.2  1006.9     4.6    320     0.0     0.0    31.5     5.0
   348   18.08     0.4    40.6  1007.4     3.7    326     0.0     0.0    54.1     6.0
   348   19.09    -0.5    41.7  1007.9     4.4    320     0.0     0.0    40.0     6.0
   348   20.00    -0.3    43.1  1008.6     4.9    306     0.0     0.0    48.0     6.0
   348   21.01    -0.5    42.9  1008.9     3.8    298     0.0     0.0    47.6     5.0
   348   22.02    -0.7    41.3  1009.4     5.3    292     0.0     0.0    47.6     5.0
   348   23.03    -1.1    42.7  1009.9     3.4    278     0.0     0.0    43.8     6.0
   348   24.04    -1.8    43.3  1010.0     4.4    286     0.0     0.0    48.2     5.0
   349    1.01    -2.4    43.6  1009.9     2.6    292     0.0     0.0    46.4     6.0
   349    2.02    -2.5    43.7  1009.8     4.2    278     0.0     0.0    49.5     5.0
   349    3.03    -3.3    46.5  1010.1     4.0    255     0.0     0.0    36.4     6.0
   349    4.04    -3.5    47.4  1010.0     4.2    244     0.0     0.0    37.0     6.0
   349    5.05    -3.1    52.1  1010.0     2.7    264     0.0     0.0    36.7     6.0
   349    6.06    -2.4    51.8  1010.0     5.7    275     0.0     0.0    44.4     5.0
   349    7.07    -2.6    52.5  1010.2     4.3    284     0.0     0.0    47.4     6.0
   349    8.08    -3.5    54.9  1010.6     3.5    284     0.0     0.0    37.7     6.0
   349    9.09    -2.7    55.2  1010.9     4.0    292     0.0     0.0    43.2     3.0
   349   10.00    -0.5    43.7  1011.4     5.4    292     0.0     0.0    51.1     4.0
   349   11.01     0.1    38.5  1011.5     6.1    106     0.0     0.0    50.3     4.0
   349   12.02     0.5    35.1  1010.9     5.7    295     0.0     0.0    50.2     4.0
   349   13.03     0.7    36.6  1010.5     5.8    109     0.0     0.0    43.4     4.0
   349   14.04     1.2    34.1  1010.2     5.5    289     0.0     0.0    44.6     4.0
   349   15.05     1.4    33.3  1010.4     6.2    101     0.0     0.0    43.4     4.0
   349   16.06     1.0    34.0  1010.8     4.4    104     0.0     0.0    50.6     3.0
   349   17.07     0.0    37.3  1010.9     2.7     16     0.0     0.0    47.4     6.0
   349   18.08    -0.7    39.3  1011.2     1.9     28     0.0     0.0    49.2     6.0
   349   19.09    -1.8    43.9  1011.8     2.5    278     0.0     0.0    51.2     6.0
   349   20.00    -2.8    48.9  1011.7     1.8      5     0.0     0.0    41.3     6.0
   349   21.01    -3.0    49.9  1012.0     1.8     19     0.0     0.0    44.8     5.0
   349   22.02    -3.7    52.0  1012.1     1.6      8     0.0     0.0    35.8     6.0
   349   23.03    -4.2    52.4  1012.3     1.6      5     0.0     0.0    31.4     6.0
   349   24.04    -4.8    54.8  1012.2     1.5      2     0.0     0.0    25.2     6.0
   350    1.01    -4.6    53.5  1011.7     1.6      8     0.0     0.0    28.5     5.0
   350    2.02    -5.8    57.6  1011.3     1.6      0     0.0     0.0    28.3     6.0
   350    3.03    -5.4    57.5  1010.6     1.2      8     0.0     0.0    34.5     6.0
   350    4.04    -5.5    57.9  1010.5     1.4      2     0.0     0.0    31.8     5.0
   350    5.05    -5.2    58.1  1009.6     1.0      0     0.0     0.0    34.3     6.0
   350    6.06    -4.9    56.9  1009.3     1.2     11     0.0     0.0    32.3     6.0
   350    7.07    -4.5    58.7  1009.2     0.6    146     0.0     0.0    65.9     6.0
   350    8.08    -3.6    61.4  1009.2     1.2     14     0.0     0.0    26.4     6.0
   350    9.09    -2.8    61.7  1009.2     0.7    174     0.0     0.0    46.6     3.0
   350   10.00    -2.5    62.2  1008.8     1.6    157     0.0     0.0    42.1     3.0
   350   11.01    -2.3    61.2  1008.5     1.2     73     0.0     0.0    50.8     3.0
   350   12.02    -2.4    70.4  1007.6     2.8    160     0.2     1.2    43.4     3.0
   350   13.03    -2.5    72.9  1007.0     2.3    180     0.4     0.0    43.4     3.0
   350   14.04    -2.4    72.5  1006.4     1.9    168     0.6     0.8    42.3     3.0
   350   15.05    -2.6    74.4  1006.0     2.6    168     0.8     1.2    39.3     3.0
   350   16.06    -2.6    72.1  1005.7     3.4    163     0.8     0.0    48.0     3.0
   350   17.07    -2.8    72.2  1005.1     3.4     70     0.9     0.0    49.2     5.0
   350   18.08    -2.7    70.2  1005.3     3.5    171     0.9     0.0    50.0     5.0
   350   19.09    -2.4    69.9  1004.6     3.7    168     0.9     0.0    47.1     5.0
   350   20.00    -2.9    68.7  1004.5     3.2    168     0.9     0.0    49.7     5.0
   350   21.01    -2.9    68.4  1003.9     2.8    177     0.9     0.4    49.0     6.0
   350   22.02    -2.9    69.6  1003.4     2.8    171     1.0     0.0    49.8     6.0
   350   23.03    -3.0    69.3  1002.8     2.7     73     1.2     0.0    48.8     6.0
   350   24.04    -3.1    73.2  1001.6     2.1    157     1.6     0.0    43.4     6.0
   351    1.01    -3.2    71.1  1001.1     1.1    163     0.0     0.0    41.8     5.0
   351    2.02    -3.2    70.7  1000.7     1.2    126     0.1     0.0    56.4     6.0
   351    3.03    -3.2    70.8  1000.6     1.6    171     0.1     0.4    26.5     5.0
   351    4.04    -3.2    70.3  1000.1     1.2    106     0.4     0.8    59.8     6.0
   351    5.05    -3.4    71.0   999.6     1.0    106     0.6     0.0    60.1     6.0
   351    6.06    -3.3    70.9   999.3     1.0    163     0.8     0.0    49.1     5.0
   351    7.07    -3.5    70.9   999.1     0.7    101     0.8     0.0    58.7     5.0
   351    8.08    -3.2    70.4   999.4     1.1     22     0.8     0.0    43.3     6.0
   351    9.09    -3.2    70.2   999.4     1.0     14     0.8     0.0    51.7     3.0
   351   10.00    -2.7    68.1   999.2     1.4     11     0.9     0.0    52.9     3.0
   351   11.01    -2.1    63.7   998.8     1.6      8     0.9     0.0    45.2     2.0
   351   12.02    -2.1    62.5   998.1     2.8     19     0.9     0.0    43.7     3.0
   351   13.03    -2.1    58.1   997.3     4.1    247     0.9     0.0    50.2     3.0
   351   14.04    -0.9    56.7   998.2     2.7    222     0.9     0.0    44.2     3.0
   351   15.05    -1.9    55.4   997.2     2.0    205     0.9     0.0    39.8     3.0
   351   16.06    -3.3    58.9   997.2     2.7    210     0.9     0.0    42.0     3.0
   351   17.07    -5.5    62.7   997.2     2.4    196     0.9     0.0    35.7     5.0
   351   18.08    -5.4    65.8   997.1     2.1    171     0.9     0.0    26.9     6.0
   351   19.09    -8.2    65.6   997.4     2.0    165     0.9     0.0    27.9     6.0
   351   20.00    -7.9    66.9   997.4     2.1      8     0.9     0.0    34.6     6.0
   351   21.01    -7.7    66.0   997.4     2.3    182     0.9     0.0    32.1     5.0
   351   22.02    -9.2    65.0   997.3     1.8    188     0.9     0.0    33.8     5.0
   351   23.03   -10.4    65.8   997.6     1.9      8     0.9     0.0    35.9     5.0
   351   24.04   -10.8    64.9   997.9     1.9     11     0.9     0.0    37.6     5.0
   352    1.01   -11.6    63.4   997.6     1.7     14     0.0     0.0    35.2     5.0
   352    2.02   -12.1    62.5   998.0     1.4     19     0.0     0.0    35.8     6.0
   352    3.03   -13.1    61.2   998.1     1.2     14     0.0     0.0    34.9     5.0
   352    4.04   -13.8    60.5   997.9     1.4    106     0.0     0.0    76.1     5.0
   352    5.05   -14.2    59.9   998.3     0.5      5     0.0     0.0    35.1     6.0
   352    6.06   -12.5    62.5   998.1     1.2     75     0.0     0.0    61.4     6.0
   352    7.07   -12.3    62.4   998.0     0.8    351     0.0     0.0    36.9     5.0
   352    8.08   -11.5    63.1   998.1     1.4     67     0.0     0.0    62.0     5.0
   352    9.09    -9.7    66.5   997.6     2.7      0     0.0     0.0    45.2     3.0
   352   10.00    -7.4    69.2   996.6     4.1     73     0.0     0.0    39.4     3.0
   352   11.01    -4.4    65.4   995.3     3.2    340     0.0     0.0    57.8     3.0
   352   12.02    -6.7    69.3   994.5     4.2    351     0.0     0.0    45.7     3.0
   352   13.03    -6.0    69.2   993.9     4.2      5     0.0     0.0    29.0     3.0
   352   14.04    -4.5    63.3   993.7     2.9    357     0.0     0.0    32.2     3.0
   352   15.05    -3.5    55.3   993.3     1.8    351     0.0     0.0    41.6     2.0
   352   16.06    -4.6    59.2   993.9     3.1    255     0.0     0.0    51.6     3.0
   352   17.07    -4.7    64.0   995.1     5.9    244     0.0     0.0    49.5     5.0
   352   18.08    -4.3    65.8   997.0     4.4    258     0.0     0.0    49.8     5.0
   352   19.09    -2.8    64.6   997.2     3.2    278     0.0     0.0    48.1     5.0
   352   20.00    -1.5    69.2   997.2     3.2    213     0.3     0.0    35.7     5.0
   352   21.01    -1.6    73.9   998.4     4.8    241     0.8     2.0    48.2     5.0
   352   22.02    -1.6    71.7   998.8     3.1    216     0.9     0.0    39.5     5.0
   352   23.03    -1.6    71.0   999.9     3.8    227     0.9     0.0    45.4     5.0
   352   24.04    -1.5    71.3  1001.1     3.5    225     1.0     0.0    43.0     5.0
   353    1.01    -1.3    70.9  1001.3     3.0    199     0.0     0.0    32.5     5.0
   353    2.02    -1.0    71.9  1002.6     4.6    213     0.0     0.0    44.1     5.0
   353    3.03    -0.7    69.5  1004.2     5.6    309     0.0     0.0    42.3     5.0
   353    4.04    -0.9    60.8  1004.4     4.3    298     0.0     0.0    51.6     5.0
   353    5.05    -1.0    57.5  1005.6     5.8    258     0.0     0.0    40.9     5.0
   353    6.06    -1.6    55.6  1006.1     6.3    292     0.0     0.0    46.2     5.0
   353    7.07    -2.7    53.3  1007.3     8.2    261     0.0     0.0    49.3     5.0
   353    8.08    -3.4    54.3  1008.4     7.4    255     0.0     0.0    54.9     5.0
   353    9.09    -2.6    48.7  1009.7     7.7    250     0.0     0.0    52.0     3.0
   353   10.00    -1.0    41.7  1010.5     2.4    163     0.0     0.0    46.5     3.0
   353   11.01    -1.2    41.7  1011.2     3.7    174     0.0     0.0    47.9     3.0
   353   13.03     1.7    37.4  1010.3     2.0    213     0.0     0.0    50.4     3.0
   353   14.04     2.0    38.6  1010.1     1.4    196     0.0     0.0    44.7     3.0
   353   15.05     1.8    38.1  1010.8     2.0    149     0.0     0.0    47.8     3.0
   353   16.06     0.9    41.0  1010.9     1.1    123     0.0     0.0    43.1     3.0
   353   17.07    -0.7    43.9  1010.9     2.0     61     0.0     0.0    39.2     5.0
   353   18.08    -2.7    50.6  1011.0     2.7     22     0.0     0.0    49.7     6.0
   353   19.09    -3.7    50.5  1011.7     1.7    112     0.0     0.0    39.4     6.0
   353   20.00    -4.2    54.0  1011.5     2.1      8     0.0     0.0    40.9     5.0
   353   21.01    -5.9    56.8  1011.7     2.5    354     0.0     0.0    55.2     6.0
   353   22.02    -6.0    61.1  1011.7     2.5    317     0.0     0.0    50.2     5.0
   353   23.03    -8.3    62.3  1011.6     4.1      8     0.0     0.0    50.3     6.0
   353   24.04    -8.5    62.5  1011.6     3.5    351     0.0     0.0    47.3     5.0
   354    1.01    -9.3    62.9  1011.4     1.1    357     0.0     0.0    29.8     6.0
   354    2.02    -9.6    62.5  1011.5     4.0    284     0.0     0.0    52.3     6.0
   354    3.03    -9.6    63.1  1011.9     4.3    306     0.0     0.0    64.1     5.0
   354    4.04    -9.3    63.0  1011.6     1.1     14     0.0     0.0    31.3     6.0
   354    5.05    -9.3    62.8  1011.3     2.2    146     0.0     0.0    36.4     5.0
   354    6.06    -8.9    63.2  1011.0     1.1      8     0.0     0.0    34.6     5.0
   354    7.07    -8.0    63.1  1010.8     1.1      8     0.0     0.0    33.2     6.0
   354    8.08    -7.1    63.1  1010.9     1.2     14     0.0     0.0    54.0     5.0
   354    9.09    -6.2    63.3  1011.0     1.0    188     0.0     0.0    60.6     3.0
   354   10.00    -4.7    62.3  1011.0     1.7    165     0.0     0.0    63.3     3.0
   354   11.01    -3.0    58.8  1010.4     1.2    160     0.0     0.4    64.0     2.0
   354   12.02    -2.0    51.8  1009.6     1.8    315     0.0     0.0    63.7     2.0
   354   13.03    -0.9    53.3  1009.3     1.5    337     0.0     0.0    82.0     2.0
   354   14.04    -1.4    57.6  1008.9     1.8    264     0.2     1.6    41.4     3.0
   354   15.05    -1.3    60.5  1008.8     2.0    278     0.6     0.0    48.1     3.0
   354   16.06    -1.1    62.5  1008.8     2.5    241     0.7     0.0    50.8     3.0
   354   17.07    -0.9    63.3  1008.8     1.7    247     1.0     0.8    48.8     5.0
   354   18.08    -0.7    62.8  1008.7     1.5    303     1.2     0.0    49.1     5.0
   354   19.09    -1.0    65.6  1008.6     1.1    298     1.2     0.0    57.7     5.0
   354   20.00    -0.8    66.0  1008.7     1.1     39     1.2     0.0    51.7     5.0
   354   21.01    -1.1    65.6  1008.6     0.5    298     1.2     0.4    57.6     5.0
   354   22.02    -0.9    66.3  1008.5     1.3    219     1.2     0.0    47.6     5.0
   354   23.03    -0.8    67.5  1008.5     2.1    210     1.2     0.0    38.1     5.0
   354   24.04    -0.6    68.3  1008.1     1.5    165     1.2     0.0    66.5     5.0
   355    1.01     0.1    69.7  1008.5     2.7    241     0.0     0.4    41.6     6.0
   355    2.02     0.2    70.6  1008.5     2.1    227     0.0     0.0    30.5     5.0
   355    3.03     0.3    71.7  1008.3     1.1    199     0.0     0.0    61.0     5.0
   355    4.04     0.0    71.4  1008.4     1.8    188     0.0     0.0    38.5     6.0
   355    5.05    -0.4    71.3  1008.5     1.4    163     0.0     0.0    32.8     5.0
   355    6.06    -0.6    71.5  1008.6     2.0    194     0.0     0.0    34.9     6.0
   355    7.07    -0.8    71.1  1009.0     2.6    216     0.0     0.0    43.1     5.0
   355    8.08    -0.9    71.7  1009.6     1.6    213     0.0     0.0    36.2     5.0
   355    9.09    -0.7    72.0  1009.8     2.1    135     0.0     0.0    64.7     3.0
   355   10.00     0.3    69.4  1010.6     2.1    182     0.0     0.0    35.1     3.0
   355   11.01     1.7    67.0  1010.6     1.7    160     0.0     0.0    59.5     3.0
   355   12.02     1.9    64.4  1010.0     0.8    106     0.0     0.0    42.1     3.0
   355   13.03     3.6    63.3  1009.7     0.8     56     0.0     0.0    67.4     2.0
   355   14.04     4.2    59.5  1009.5     1.3    174     0.0     0.0    41.7     2.0
   355   15.05     4.4    56.6  1009.8     1.1    132     0.0     0.0    48.1     2.0
   355   16.06     4.0    55.5  1010.0     1.7    191     0.0     0.0    69.1     3.0
   355   17.07     2.4    65.5  1010.3     1.8    210     0.0     0.0    43.1     6.0
   355   18.08     1.4    69.0  1010.5     2.1    225     0.0     0.0    53.6     6.0
   355   19.09     1.2    69.5  1010.8     1.4    210     0.0     0.0    28.8     5.0
   355   20.00     0.7    71.4  1011.1     1.6    292     0.0     0.0    50.2     6.0
   355   21.01     0.1    72.9  1011.2     1.1      5     0.0     0.0    35.1     5.0
   355   22.02    -0.1    73.9  1011.3     1.0      2     0.0     0.0    42.7     5.0
   355   23.03    -0.3    74.7  1011.3     1.3     16     0.0     0.0    47.8     6.0
   355   24.04    -0.6    75.1  1011.5     1.2     14     0.0     0.0    37.7     5.0
   356    1.01    -1.4    75.1  1011.5     1.4    278     0.0     0.0    36.6     5.0
   356    2.02    -1.4    76.1  1011.5     1.8     16     0.0     0.0    41.5     5.0
   356    3.03    -1.3    76.0  1011.7     1.7    196     0.0     0.0    25.0     5.0
   356    4.04    -2.0    75.6  1011.7     1.7    151     0.0     0.0    30.1     5.0
   356    5.05    -1.6    75.0  1011.5     2.0    160     0.0     0.0    46.2     5.0
   356    6.06    -1.5    75.0  1011.3     1.7    157     0.0     0.0    31.0     6.0
   356    7.07    -2.2    74.0  1011.5     1.3    216     0.0     0.0    37.1     5.0
   356    8.08    -2.4    74.0  1011.6     1.5    357     0.0     0.0    33.5     5.0
   356    9.09    -1.7    74.0  1011.9     1.8    194     0.0     0.0    29.9     3.0
   356   11.01     1.8    61.8  1011.7     2.1    213     0.0     0.0    40.1     3.0
   356   13.03     5.6    49.6  1010.3     1.4    171     0.0     0.0    47.4     3.0
   356   14.04     5.0    53.2  1009.7     1.9    146     0.0     0.0    64.1     3.0
   356   15.05     5.7    50.3  1009.5     1.6    219     0.0     0.0    53.7     3.0
   356   16.06     3.5    60.0  1009.5     1.4    222     0.0     0.0    48.1     3.0
   356   17.07     3.1    62.1  1009.7     2.6    272     0.0     0.0    49.6     5.0
   356   18.08     2.3    66.2  1009.8     0.9    312     0.0     0.0    79.5     5.0
   356   19.09     1.8    69.2  1009.7     1.4      8     0.0     0.0    33.4     5.0
   356   20.00     1.1    70.9  1009.8     1.3    205     0.0     0.0    39.4     5.0
   356   21.01     0.9    72.3  1009.7     1.1    284     0.0     0.0    42.4     5.0
   356   22.02     0.9    73.5  1009.4     1.8    143     0.0     0.0    43.3     6.0
   356   23.03     0.9    72.5  1009.5     1.8    345     0.0     0.0    33.8     5.0
   356   24.04     0.7    72.8  1009.2     1.3    177     0.0     0.0    51.9     5.0
   357    1.01     1.0    73.0  1008.8     1.6      5     0.0     0.0    39.7     5.0
   357    2.02     0.5    72.5  1008.5     2.1    194     0.0     0.0    32.4     6.0
   357    3.03    -0.2    73.3  1008.6     1.4    230     0.0     0.0    47.5     5.0
   357    4.04    -0.2    74.1  1008.3     1.7      2     0.0     0.0    40.9     5.0
   357    5.05    -0.4    74.0  1008.0     1.5    227     0.0     0.0    39.5     6.0
   357    6.06    -0.6    74.3  1008.0     2.5    286     0.0     0.0    42.3     5.0
   357    7.07    -0.5    75.6  1007.6     1.3     87     0.0     0.0    52.9     5.0
   357    8.08    -0.4    74.8  1007.5     2.2    140     0.0     0.0    25.4     5.0
   357    9.09    -0.1    74.3  1007.6     1.5    149     0.0     0.0    67.9     3.0
   357   10.00     0.8    71.4  1007.7     1.1     14     0.0     0.0    43.1     2.0
   357   11.01     3.9    62.1  1007.5     0.8    210     0.0     0.0    47.1     3.0
   357   12.02     5.4    55.6  1006.6     1.4    278     0.0     0.0    49.9     1.0
   357   13.03     6.8    52.8  1006.1     1.4    180     0.0     0.0    43.6     3.0
   357   14.04     5.9    54.9  1005.3     1.2      8     0.0     0.0    46.4     3.0
   357   15.05     5.2    60.7  1005.1     1.6    219     0.0     0.0    44.2     3.0
   357   16.06     4.7    63.3  1004.9     1.6      2     0.0     0.0    52.0     3.0
   357   17.07     3.6    66.1  1004.8     1.8    278     0.0     0.0    40.0     5.0
   357   18.08     2.2    70.2  1004.9     2.1    303     0.0     0.0    35.5     5.0
   357   19.09     1.7    73.0  1004.8     2.1    312     0.0     0.0    37.1     6.0
   357   20.00     1.3    74.4  1004.7     1.8    295     0.0     0.0    31.2     5.0
   357   21.01     1.4    75.2  1004.5     1.7    289     0.0     0.0    29.8     6.0
   357   22.02     0.9    76.3  1004.2     0.9     70     0.0     0.0    58.7     6.0
   357   23.03     0.6    77.4  1004.0     2.4    281     0.0     0.0    51.4     6.0
   357   24.04     0.1    77.6  1003.9     2.1    303     0.0     0.0    55.5     5.0
   358    1.01    -0.6    78.5  1003.7     1.4    123     0.0     0.0    45.5     6.0
   358    2.02     0.5    79.2  1003.2     1.8    185     0.0     0.0    35.4     6.0
   358    3.03     0.5    78.6  1002.8     1.4     19     0.0     0.0    40.3     5.0
   358    4.04     0.6    78.3  1002.5     1.7    275     0.0     0.0    41.2     5.0
   358    5.05     0.1    80.2  1001.9     1.7    323     0.0     0.0    47.8     6.0
   358    6.06     0.3    81.6  1001.6     0.8    219     0.0     0.0    38.7     5.0
   358    7.07     0.3    83.5  1001.2     1.3    146     0.0     0.0    52.6     5.0
   358    8.08    -0.2    83.4  1000.8     0.7    101     0.0     0.0    68.5     5.0
   358    9.09     0.6    83.6  1001.1     1.2     16     0.0     0.0    50.4     1.0
   358   10.00     1.1    84.0  1000.6     1.1    196     0.0     0.0    45.2     1.0
   358   11.01     1.4    84.0  1000.4     1.1    278     0.0     0.0    67.0     1.0
   358   12.02     1.3    84.2   998.8     2.4    132     0.0     0.0    38.8     3.0
   358   13.03     2.3    83.9   997.4     1.6    208     0.0     0.0    46.8     2.0
   358   14.04     2.1    81.8   997.0     1.6    289     0.0     0.0    57.4     2.0
   358   15.05     2.2    82.4   996.7     2.3    289     0.0     0.0    66.9     3.0
   358   16.06     2.6    82.2   996.4     2.3    278     0.0     0.0    59.7     2.0
   358   17.07     2.0    84.6   996.7     2.7    264     0.0     0.0    50.0     5.0
   358   18.08     1.7    85.1   996.4     1.4    267     0.0     0.0    47.6     6.0
   358   19.09     1.6    85.3   996.3     1.5    210     0.0     0.0    46.3     6.0
   358   20.00     1.2    85.4   995.8     1.7    163     0.0     0.0    61.9     6.0
   358   21.01     1.7    86.9   995.6     2.5    168     0.0     0.0    47.6     5.0
   358   22.02     1.3    87.1   995.1     2.0    160     0.0     0.0    55.3     5.0
   358   23.03     1.0    87.9   994.3     1.3    348     0.0     0.0    42.7     6.0
   358   24.04     1.1    88.2   993.8     0.7    165     0.0     0.0    48.5     6.0
   359    1.01     1.2    89.8   993.6     2.6    272     0.0     0.0    35.2     5.0
   359    2.02     1.3    90.3   992.7     2.3    320     0.0     0.0    51.1     6.0
   359    3.03     3.0    90.4   994.2     2.5    348     4.6     9.2    43.7     6.0
   359    4.04     3.2    90.8   991.4     4.6     16     8.0     1.2    62.3     5.0
   359    5.05     4.7    92.5   991.2     2.0     90     8.1     0.0    60.5     5.0
   359    6.06     4.4    91.2   991.9     4.1    323     8.1     0.0    45.7     6.0
   359    7.07     2.9    91.9   992.3     3.2    286     8.1     0.0    54.7     5.0
   359    8.08     3.1    91.8   992.9     3.1    286     8.1     0.0    35.7     5.0
   359    9.09     2.9    93.6   993.3     1.6    298     8.1     0.0    70.8     3.0
   359   10.00     3.0    94.0   993.7     1.2    239     8.1     0.0    46.0     2.0
   359   11.01     3.4    94.7   994.3     1.0      8     8.1     0.0    46.6     2.0
   359   12.02     3.8    93.9   993.8     0.9     28     8.1     0.0    71.9     2.0
   359   13.03     4.4    95.0   994.0     0.8    219     8.1     0.0    40.3     2.0
   359   14.04     4.7    95.0   994.3     1.2    298     8.1     0.0    69.7     2.0
   359   15.05     5.1    94.0   994.3     0.9    306     8.1     0.0    60.5     2.0
   359   16.06     4.6    93.0   994.7     1.7    222     8.1     0.0    41.7     2.0
   359   17.07     3.1    93.4   995.1     1.6    261     8.1     0.0    61.6     6.0
   359   18.08     3.6    93.3   995.7     2.5    132     8.1     0.0    51.3     5.0
   359   19.09     2.9    93.9   997.2     1.8     14     8.1     0.0    46.4     6.0
   359   20.00     4.1    94.0   997.0     2.6    354     8.3     0.4    49.3     5.0
   359   21.01     5.9    92.2   996.7     3.8    182     8.4     0.0    50.9     6.0
   359   22.02     7.0    88.5   997.5     2.6    194     8.4     0.0    27.7     5.0
   359   23.03     5.7    84.8   998.5     5.6    289     8.4     0.0    27.2     4.0
   359   24.04     4.1    88.1   999.8     5.1    298     8.4     0.0    54.2     5.0
   360    1.01     4.0    88.8  1000.7     7.0    286     0.0     0.0    72.9     5.0
   360    2.02     3.8    83.9  1001.5     4.0    284     0.0     0.0    42.1     5.0
   360    3.03     3.5    76.6  1002.5     4.9    312     0.0     0.0    47.4     5.0
   360    4.04     3.0    72.0  1003.0     6.3    272     0.0     0.0    52.3     5.0
   360    5.05     3.2    70.8  1003.7     4.8    270     0.0     0.0    47.7     5.0
   360    6.06     2.7    69.3  1004.3     5.2    306     0.0     0.0    49.1     5.0
   360    7.07     1.6    71.5  1005.3     5.0    250     0.0     0.0    41.7     5.0
   360    8.08     1.8    75.4  1005.9     4.4    270     0.0     0.0    49.0     5.0
   360    9.09     2.0    70.9  1006.8     4.7    258     0.0     0.0    44.1     3.0
   360   10.00     3.1    65.9  1007.5     3.9    261     0.0     0.0    50.3     3.0
   360   11.01     3.0    64.6  1007.5     5.2    300     0.0     0.0    44.7     3.0
   360   12.02     3.4    63.1  1007.6     3.7    255     0.0     0.0    52.2     3.0
   360   13.03     4.0    60.8  1007.3     5.9    264     0.0     0.0    49.8     3.0
   360   14.04     4.3    59.2  1007.2     5.7    278     0.0     0.0    46.7     3.0
   360   15.05     4.4    58.7  1007.6     4.6    275     0.0     0.0    51.5     3.0
   360   16.06     4.5    59.9  1007.8     4.2    278     0.0     0.0    48.5     3.0
   360   17.07     3.9    60.2  1008.1     3.7    320     0.0     0.0    41.0     5.0
   360   18.08     3.4    60.4  1008.9     2.6    284     0.0     0.0    26.7     5.0
   360   19.09     2.8    63.4  1009.6     1.4    239     0.0     0.0    34.1     6.0
   360   20.00     2.3    67.3  1010.3     2.6    267     0.2     0.4    40.3     5.0
   360   21.01     2.0    73.2  1010.3     2.7    270     0.5     0.8    46.2     5.0
   360   22.02     1.9    76.9  1010.6     2.4    275     0.7     0.0    47.1     5.0
   360   23.03     1.8    79.2  1011.0     2.2    281     1.1     0.8    32.1     5.0
   360   24.04     1.8    79.2  1011.1     1.3    222     1.5     1.2    38.5     5.0
   361    1.01     1.9    80.0  1011.1     2.0    267     0.3     0.8    46.7     5.0
   361    2.02     1.3    80.5  1011.2     1.3    258     0.5     0.8    44.0     5.0
   361    3.03     1.6    80.9  1011.5     0.8    151     0.7     0.4    74.8     5.0
   361    4.04     1.1    81.0  1011.4     0.6    219     0.8     0.0    42.8     5.0
   361    5.05     1.5    80.8  1011.5     1.6    258     0.9     0.4    51.6     5.0
   361    7.07     0.8    81.1  1012.1     1.1    255     1.5     0.4    44.1     5.0
   361    8.08     0.8    80.7  1012.3     2.7    258     1.6     0.0    51.1     5.0
   361    9.09     0.7    80.5  1012.9     2.5    267     1.7     0.8    45.3     3.0
   361   10.00     0.7    80.3  1013.3     3.1    278     2.0     0.8    43.6     3.0
   361   11.01     0.8    79.6  1013.5     3.9    270     2.1     0.4    40.6     3.0
   361   12.02     0.5    76.8  1013.3     4.1    275     2.2     0.0    43.3     3.0
   361   13.03     0.3    79.7  1013.2     3.7    281     2.5     0.8    39.4     3.0
   361   14.04     0.5    78.8  1013.1     4.2    317     2.9     0.4    46.7     3.0
   361   15.05     1.0    78.7  1013.5     2.6    278     3.2     0.4    40.0     3.0
   361   16.06     0.2    76.1  1013.9     2.5    253     3.2     0.0    50.4     3.0
   361   17.07     0.1    75.1  1014.0     1.6    275     3.2     0.0    46.8     5.0
   361   18.08    -0.8    75.0  1014.1     1.8    202     3.2     0.0    41.1     5.0
   361   19.09    -0.9    74.8  1014.3     1.8    222     3.2     0.0    40.7     6.0
   361   20.00    -1.5    74.8  1014.6     2.4    239     3.2     0.0    43.5     6.0
   361   21.01    -1.9    74.4  1014.7     2.8    250     3.2     0.0    39.4     6.0
   361   22.02    -1.8    73.1  1014.7     3.6    270     3.2     0.0    45.0     5.0
   361   23.03    -0.6    67.8  1014.8     4.5    267     3.2     0.0    38.5     5.0
   361   24.04    -0.9    68.4  1014.6     5.5    264     3.2     0.0    37.0     5.0
   362    1.01    -1.0    66.2  1014.3     6.6    255     0.0     0.0    48.5     4.0
   362    2.02    -0.9    64.4  1014.6     6.6    253     0.0     0.0    49.2     5.0
   362    3.03    -1.0    65.5  1015.0     7.3    258     0.0     0.0    48.3     4.0
   362    4.04    -1.0    66.1  1014.8     6.8    261     0.0     0.0    48.4     4.0
   362    5.05    -1.0    64.9  1014.6     6.6    264     0.0     0.0    48.4     5.0
   362    6.06    -1.4    64.3  1014.6     6.2    261     0.0     0.0    49.0     4.0
   362    7.07    -1.6    60.3  1014.6     6.4    255     0.0     0.0    50.5     4.0
   362    8.08    -2.6    58.3  1014.8     6.8    258     0.0     0.0    47.8     5.0
   362    9.09    -2.8    58.2  1015.1     6.1    255     0.0     0.0    47.9     3.0
   362   10.00    -1.4    51.2  1015.3     8.5    258     0.0     0.0    43.2     3.0
   362   11.01    -1.3    51.2  1015.0     9.0    250     0.0     0.0    49.3     3.0
   362   12.02    -0.2    48.2  1014.7     9.1    253     0.0     0.0    46.3     3.0
   362   13.03    -0.3    49.5  1014.2     7.3    255     0.0     0.0    50.6     3.0
   362   14.04     0.2    46.3  1014.2     6.7    253     0.0     0.0    49.9     3.0
   362   15.05     0.2    46.3  1013.8     5.3    298     0.0     0.0    48.0     3.0
   362   16.06    -0.4    48.1  1014.3     2.7    300     0.0     0.0    42.8     3.0
   362   17.07    -1.3    52.2  1014.5     2.3    284     0.0     0.0    48.8     6.0
   362   18.08    -2.3    56.0  1014.6     1.7    174     0.0     0.0    24.9     5.0
   362   19.09    -3.0    53.3  1015.2     4.3    247     0.0     0.0    37.3     6.0
   362   20.00    -4.6    60.9  1015.5     4.2    253     0.0     0.0    36.2     5.0
   362   21.01    -4.8    59.6  1015.5     2.6    205     0.0     0.0    43.5     6.0
   362   22.02    -6.1    60.7  1015.8     3.1    244     0.0     0.0    35.9     6.0
   362   23.03    -6.4    59.9  1016.1     2.5    196     0.0     0.0    37.1     5.0
   362   24.04    -7.1    62.7  1016.3     2.6    258     0.0     0.0    44.6     6.0
   363    1.01    -7.4    63.5  1016.3     2.1      2     0.0     0.0    35.5     6.0
   363    2.02    -8.1    62.9  1016.7     1.6    165     0.0     0.0    38.5     6.0
   363    3.03    -8.7    63.4  1017.2     2.2    191     0.0     0.0    32.5     6.0
   363    4.04    -9.3    63.7  1017.1     2.7    168     0.0     0.0    38.3     6.0
   363    5.05    -8.7    63.7  1017.1     2.3    177     0.0     0.0    35.4     5.0
   363    6.06    -9.5    64.0  1017.3     2.3    154     0.0     0.0    32.1     5.0
   363    7.07    -9.7    63.9  1018.1     1.7    191     0.0     0.0    34.4     6.0
   363    8.08    -9.6    65.5  1018.9     2.2    194     0.0     0.0    37.5     6.0
   363    9.09    -9.9    64.2  1019.7     2.0    194     0.0     0.0    38.6     3.0
   363   10.00    -8.2    60.6  1019.9     2.2      2     0.0     0.0    50.4     3.0
   363   11.01    -5.8    56.0  1019.7     2.4    149     0.0     0.0    41.4     3.0
   363   12.02    -4.2    52.5  1019.2     1.7     11     0.0     0.0    52.1     3.0
   363   13.03    -1.9    47.7  1018.5     2.1     70     0.0     0.0    61.2     3.0
   363   14.04    -0.6    42.5  1018.2     2.3    275     0.0     0.0    41.6     3.0
   363   15.05    -0.7    44.4  1018.2     2.8    343     0.0     0.0    49.5     3.0
   363   16.06    -1.2    47.2  1018.7     2.0    298     0.0     0.0    60.6     3.0
   363   17.07    -2.5    54.9  1018.9     1.4     22     0.0     0.0    14.5     5.0
   363   18.08    -3.7    59.5  1019.2     1.6    112     0.0     0.0    22.0     5.0
   363   19.09    -5.0    60.6  1019.6     1.6     11     0.0     0.0    29.3     6.0
   363   20.00    -5.9    62.6  1019.8     1.4    120     0.0     0.0    28.1     6.0
   363   21.01    -6.7    63.3  1019.9     1.4    120     0.0     0.0    35.3     5.0
   363   22.02    -8.3    63.6  1020.0     1.2     28     0.0     0.0    34.4     5.0
   363   23.03    -8.1    65.4  1020.5     1.8    348     0.0     0.0    42.3     5.0
   363   24.04    -9.1    66.2  1020.4     1.1     75     0.0     0.0    57.8     6.0
   364    1.01    -9.8    64.7  1020.2     1.0    112     0.0     0.0    31.1     5.0
   364    2.02   -10.2    64.8  1020.1     1.7    149     0.0     0.0    43.7     6.0
   364    3.03   -10.1    66.2  1020.3     1.6    157     0.0     0.0    38.4     6.0
   364    4.04   -11.0    64.6  1020.3     1.5    154     0.0     0.0    28.5     6.0
   364    5.05   -12.2    62.9  1020.1     1.3      0     0.0     0.0    33.5     6.0
   364    6.06   -12.6    61.9  1020.4     0.8     11     0.0     0.0    40.8     6.0
   364    7.07   -11.0    62.3  1020.6     0.9    357     0.0     0.0    36.2     6.0
   364    8.08   -11.7    61.5  1020.6     1.3     14     0.0     0.0    31.1     5.0
   364    9.09   -10.7    61.4  1020.8     1.0     11     0.0     0.0    46.2     3.0
   364   10.00   -10.0    63.3  1020.9     1.1     19     0.0     0.0    52.7     3.0
   364   11.01    -8.2    63.7  1020.9     1.2    357     0.0     0.0    65.3     3.0
   364   12.02    -6.2    65.0  1020.3     1.4    351     0.0     0.0    34.6     2.0
   364   13.03    -6.1    67.7  1019.6     1.4    292     0.0     0.0    68.3     3.0
   364   14.04    -5.6    67.4  1019.3     1.1    239     0.0     0.0    58.3     3.0
   364   15.05    -5.7    67.4  1019.2     1.0    199     0.0     0.0    55.5     2.0
   364   16.06    -6.3    70.6  1019.0     0.9    149     0.0     0.0    52.1     1.0
   364   17.07    -6.8    71.0  1019.0     1.5    255     0.0     0.0    33.3     5.0
   364   18.08    -7.0    71.2  1019.0     1.5    132     0.0     0.0    63.5     5.0
   364   19.09    -8.3    70.7  1019.5     0.8     78     0.0     0.0    57.7     6.0
   364   20.00    -8.0    70.1  1019.4     0.7     11     0.0     0.0    45.0     5.0
   364   21.01    -8.8    69.7  1019.4     1.4    272     0.0     0.0    61.8     6.0
   364   22.02    -8.9    68.7  1019.4     1.0     16     0.0     0.0    43.3     6.0
   364   23.03    -9.2    68.0  1019.5     0.8     39     0.0     0.0    65.1     5.0
   364   24.04    -9.2    67.6  1019.6     0.9     14     0.0     0.0    63.6     6.0
   365    1.01    -9.2    66.8  1019.3     1.6     78     0.0     0.0    60.1     6.0
   365    2.02   -10.9    65.0  1019.3     1.4    177     0.0     0.0    41.7     5.0
   365    3.03   -10.9    64.9  1019.4     1.5    143     0.0     0.0    39.9     5.0
   365    4.04   -10.1    65.2  1019.3     1.2      8     0.0     0.0    47.1     5.0
   365    5.05   -10.0    65.9  1019.0     1.2     14     0.0     0.0    43.9     5.0
   365    6.06   -10.2    65.5  1019.0     1.2     11     0.0     0.0    55.1     5.0
   365    7.07   -10.8    64.9  1018.8     1.1    165     0.0     0.0    49.1     6.0
   365    8.08   -10.1    65.0  1019.2     1.2    104     0.0     0.0    64.0     5.0
   365    9.09   -10.3    65.7  1019.4     1.5    149     0.0     0.0    37.7     3.0
   365   10.00    -9.3    66.6  1019.4     2.0    174     0.0     0.0    38.1     3.0
   365   11.01    -8.4    68.0  1019.3     1.6    146     0.0     0.0    36.8     2.0
   365   12.02    -8.5    67.1  1017.9     2.3    157     0.0     0.0    41.3     3.0
   365   13.03    -8.0    67.8  1017.4     2.2    334     0.0     0.0    47.1     2.0
   365   14.04    -6.3    71.7  1016.7     2.4    345     0.0     0.0    36.2     2.0
   365   15.05    -6.0    70.6  1016.1     1.3     47     0.0     0.0    67.8     1.0
   365   16.06    -5.9    70.1  1015.9     1.4    317     0.0     0.0    41.5     2.0
   365   17.07    -6.5    70.0  1015.8     2.1    295     0.0     0.0    45.7     5.0
   365   18.08    -7.3    70.2  1015.5     1.2    281     0.0     0.0    73.8     6.0
   365   19.09    -7.8    69.1  1015.6     0.9    286     0.0     0.0    33.8     5.0
   365   20.00    -8.1    68.9  1015.4     1.0     92     0.0     0.0    66.9     5.0
   365   21.01    -9.3    66.7  1014.8     1.2    185     0.0     0.0    51.1     5.0
   365   22.02    -9.0    66.2  1014.7     1.5    168     0.0     0.0    39.4     5.0
   365   23.03    -9.1    65.8  1014.2     1.5    160     0.0     0.0    29.7     6.0
   365   24.04    -8.7    65.8  1014.1     1.3    185     0.0     0.0    36.4     5.0
