    day   time   temp    humid  presur    wind   wdir    rain    int     skow    pasq
    
    60    1.00     7.4    71.9  1002.6     3.4    345     0.0     0.0     5.3     5.5
    60    2.00     7.1    74.0  1002.6     2.9    331     0.0     0.0     8.5     5.0
    60    3.00     6.7    74.8  1002.6     3.3    303     0.0     0.0    18.4     4.5
    60    4.00     6.1    75.2  1002.3     3.1    303     0.0     0.0    33.2     4.5
    60    5.00     5.9    77.3  1002.7     3.1    284     0.0     0.0    24.3     4.5
    60    6.00     5.9    77.3  1002.7     2.6    267     0.0     0.0    26.1     3.5
    60    7.00     6.2    77.3  1002.7     1.1    168     0.0     0.0    41.0     3.5
    60    8.00     6.4    77.3  1002.2     2.0    149     0.0     0.0    35.7     3.5
    60    9.00     7.7    74.2  1002.8     1.0    120     0.0     0.0    28.2     3.0
    60   10.00     8.8    64.6  1002.9     2.3    295     0.0     0.0    24.5     3.5
    60   11.00    11.0    55.3  1002.2     1.9     33     0.0     0.0    23.4     3.0
    60   12.00    11.8    50.5  1002.4     1.0    118     0.0     0.0    28.7     3.5
    60   13.00    11.7    52.0  1002.3     1.8    343     0.0     0.0    24.0     3.5
    60   14.00    11.8    51.4  1002.5     3.3    275     0.0     0.0    22.7     4.0
    60   15.00    12.1    54.8  1002.6     2.4    253     0.0     0.0    23.5     3.5
    60   16.00    12.1    60.2  1002.7     3.1    165     0.0     0.0    34.2     4.0
    60   17.00    11.7    62.7  1002.5     3.6    180     0.0     0.0    31.1     4.0
    60   18.00    11.0    63.7  1002.4     3.4    135     0.0     0.0    17.7     4.5
    60   19.00    10.6    66.3  1002.1     3.3    143     0.0     0.0    30.8     4.0
    60   20.00    10.6    66.9  1002.4     2.6    160     0.0     0.0    11.9     4.0
    60   21.00    10.5    69.0  1002.5     2.8    196     0.0     0.0    19.7     4.5
    60   22.00    10.2    71.5  1002.7     3.0    210     0.1     0.4    15.2     4.5
    60   23.00     9.9    75.5  1002.4     3.0    154     0.1     0.0    26.3     4.0
    60   24.00     9.8    76.6  1002.5     1.8    210     0.1     0.0    26.9     4.0
    61    1.00     9.8    75.7  1002.1     2.1    225     0.0     0.0    31.2     4.0
    61    2.00     9.7    75.4  1002.3     2.3    191     0.0     0.0    15.6     4.5
    61    3.00     9.4    76.3  1002.2     2.1    137     0.0     0.0    22.7     3.0
    61    4.00     9.7    74.7  1002.0     1.0    135     0.0     0.0    24.1     4.0
    61    5.00     9.2    75.6  1002.0     2.6    188     0.0     0.0    19.2     4.5
    61    6.00     8.9    78.0  1002.4     2.4    205     0.2     0.0    17.9     3.5
    61    7.00     9.0    79.6  1002.8     1.0     30     0.3     0.0    21.6     3.5
    61    8.00     9.6    81.4  1003.4     1.0    239     0.3     0.0    30.6     4.0
    61    9.00    10.0    81.8  1004.1     2.5    320     0.3     0.0    37.6     3.5
    61   10.00     9.2    84.4  1005.1     4.5     45     1.3     2.8    26.2     4.0
    61   11.00    10.4    73.7  1005.5     4.9    115     2.3     0.0    15.7     4.5
    61   12.00    10.8    62.0  1005.8     6.2    129     2.3     0.0    36.6     4.5
    61   13.00    12.2    46.6  1006.2     5.4    143     2.3     0.0    23.4     4.0
    61   14.00    12.1    39.4  1006.7     4.2    163     2.3     0.0    28.4     3.0
    61   15.00    12.2    38.9  1007.0     5.8    165     2.3     0.0    23.8     4.0
    61   16.00    11.5    40.8  1007.5     5.9    191     2.3     0.0    16.9     4.5
    61   17.00    11.0    47.0  1007.4     5.1    188     2.3     0.0    15.2     4.5
    61   18.00    10.4    49.2  1007.2     3.9    196     2.3     0.0    16.6     4.5
    61   19.00     9.2    59.0  1007.9     2.1    239     2.3     0.0    25.9     3.5
    61   20.00     8.3    65.2  1008.5     3.7    267     2.3     0.0    13.2     5.0
    61   21.00     7.9    67.3  1008.9     2.0    199     2.3     0.0    24.7     3.0
    61   22.00     7.9    68.0  1009.3     3.3    219     2.3     0.0    22.9     4.0
    61   23.00     6.9    72.7  1009.2     3.9    185     2.3     0.0    32.7     3.5
    61   24.00     7.2    73.7  1009.5     3.9    191     2.3     0.0    43.5     4.0
    62    1.00     7.8    71.3  1010.1     7.3    261     0.0     0.0    22.1     4.5
    62    2.00     8.8    54.5  1010.7     7.6    258     0.0     0.0    24.1     4.5
    62    3.00     8.4    39.2  1010.6     6.9    261     0.0     0.0    35.0     4.5
    62    4.00     7.5    34.6  1010.7     8.2    261     0.0     0.0    29.9     4.5
    62    5.00     7.6    34.0  1010.9     6.6    264     0.0     0.0    24.1     4.5
    62    6.00     7.7    32.7  1011.3     6.5    306     0.0     0.0    25.9     4.0
    62    7.00     7.7    32.9  1012.0     6.7    264     0.0     0.0    22.6     4.0
    62    8.00     8.2    33.1  1012.1     7.5    261     0.0     0.0    26.5     4.0
    62    9.00     9.0    31.0  1012.7     7.4    267     0.0     0.0    26.8     4.0
    62   10.00    10.2    28.1  1013.2     6.6    267     0.0     0.0    24.2     4.0
    62   11.00    11.4    26.3  1012.8     8.1    264     0.0     0.0    25.9     4.0
    62   12.00    12.1    25.5  1012.7     8.7    292     0.0     0.0    26.2     4.0
    62   13.00    13.4    24.9  1012.6     8.4    312     0.0     0.0    26.1     4.0
    62   14.00    13.8    23.6  1011.8     8.0    320     0.0     0.0    24.3     4.0
    62   15.00    14.0    20.4  1011.8     7.5    278     0.0     0.0    19.1     4.0
    62   16.00    13.2    21.5  1011.9     7.5    272     0.0     0.0    24.3     4.0
    62   17.00    12.9    23.6  1012.0     5.9    317     0.0     0.0    22.2     4.5
    62   18.00    11.4    28.0  1011.8     3.9    264     0.0     0.0    27.1     4.0
    62   19.00    10.0    34.2  1011.7     2.4    239     0.0     0.0    24.4     3.5
    62   20.00     8.9    40.7  1011.6     3.3    278     0.0     0.0    23.6     3.5
    62   21.00     8.0    42.8  1011.2     5.5    267     0.0     0.0    34.8     4.0
    62   22.00     7.5    44.3  1010.5     1.4    160     0.0     0.0     9.5     4.0
    62   23.00     7.0    49.2  1010.9     2.5    230     0.0     0.0    19.5     3.5
    62   24.00     6.5    53.7  1010.8     3.7    289     0.0     0.0    30.2     4.0
    63    1.00     5.5    59.4  1009.9     2.8    286     0.0     0.0    18.9     4.5
    63    2.00     5.3    62.8  1009.5     1.0    222     0.0     0.0    15.3     4.5
    63    3.00     5.1    63.7  1009.3     2.5    149     0.0     0.0    24.3     4.0
    63    4.00     5.4    61.1  1008.6     1.9    199     0.0     0.0    21.2     3.5
    63    5.00     5.4    60.4  1007.8     1.0     61     0.0     0.0    22.4     2.0
    63    6.00     5.7    56.6  1007.2     2.0    315     0.0     0.0    30.8     3.5
    63    7.00     5.3    67.5  1005.9     3.4      0     0.0     0.0    29.7     4.0
    63    8.00     5.4    63.9  1005.8     4.3     92     0.0     0.0    25.1     4.0
    63    9.00     5.4    68.8  1004.8     5.8     90     0.0     0.0    32.1     4.0
    63   10.00     5.6    68.6  1003.9     6.4     25     0.0     0.0    32.5     4.0
    63   11.00     6.2    65.2  1002.9     5.4     84     0.0     0.0    22.1     4.0
    63   12.00     6.3    63.8  1002.2     5.6     16     0.0     0.0    21.7     4.0
    63   13.00     6.3    62.8  1001.5     3.9     25     0.0     0.4    23.2     4.0
    63   14.00     6.8    61.3  1000.1     3.8     14     0.1     0.0    24.9     4.0
    63   15.00     6.9    66.4   998.7     4.0     73     0.1     0.0    20.0     4.0
    63   16.00     6.9    66.2   998.1     4.0     22     0.2     0.0    22.5     4.0
    63   17.00     6.7    69.8   997.4     3.1     14     1.0     1.6    23.6     4.0
    63   18.00     6.8    71.8   997.1     1.3    348     2.1     2.4    24.2     3.5
    63   19.00     6.7    74.0   997.1     2.6    357     3.5     1.6    28.7     3.5
    63   20.00     6.5    77.4   996.7     3.7    168     4.5     2.0    24.9     4.0
    63   21.00     6.5    79.0   996.4     3.9    185     5.2     0.8    25.9     4.0
    63   22.00     6.6    80.2   996.2     3.7    188     5.9     1.6    26.7     3.5
    63   23.00     6.8    80.3   996.1     3.6    177     6.2     0.4    24.1     4.0
    63   24.00     6.8    80.2   996.0     2.3      0     6.4     0.8    32.4     4.0
    64    1.00     6.9    79.4   996.2     2.1     56     0.4     1.6    35.2     4.0
    64    2.00     5.7    78.8   996.4     2.6    101     0.6     0.8    43.3     3.5
    64    3.00     5.2    79.4   996.3     1.9    104     0.8     0.0    30.7     4.0
    64    4.00     5.2    80.3   996.5     1.0    151     0.8     0.0    27.4     4.0
    64    5.00     5.1    81.4   996.6     1.4    109     0.9     0.0    15.7     4.5
    64    6.00     5.2    82.0   996.8     3.4    132     1.0     0.0    27.1     4.0
    64    7.00     5.2    82.4   997.1     4.6    106     1.2     0.0    20.2     4.0
    64    8.00     5.2    82.3   997.3     5.4    101     1.9     2.4    19.5     4.5
    64    9.00     5.3    82.0   997.8     5.0    101     2.2     0.8    22.3     4.0
    64   10.00     5.3    81.6   997.9     4.8    106     3.2     1.6    25.7     3.0
    64   11.00     5.9    78.9   998.0     2.8     56     4.0     2.0    31.9     2.5
    64   12.00     2.7    80.9   999.4     8.8    306     5.0     1.2    26.7     4.0
    64   13.00     1.9    81.9  1000.5     7.9    309     5.8     1.2    26.3     3.5
    64   14.00     2.0    80.3  1000.9     6.9    306     6.1     0.0    26.4     3.5
    64   15.00     2.1    78.4  1001.1     6.9    300     6.5     0.4    26.2     3.5
    64   16.00     2.9    73.6  1001.4     8.4    298     6.7     0.0    25.7     3.5
    64   17.00     3.2    62.7  1001.7     8.9    298     6.7     0.0    24.8     3.5
    64   18.00     3.0    57.5  1002.2     8.5    295     6.7     0.0    25.6     4.0
    64   19.00     3.1    55.6  1002.9     8.3    236     6.7     0.0    19.2     4.0
    64   20.00     3.0    53.1  1003.1     8.8    239     6.7     0.0    21.2     3.0
    64   21.00     2.7    52.2  1003.4     8.1    239     6.7     0.0    23.5     4.0
    64   22.00     2.1    53.4  1003.8     8.1    239     6.7     0.0    22.7     4.0
    64   23.00     2.1    56.1  1004.2     7.6    284     6.7     0.0    21.7     3.0
    64   24.00     2.1    56.0  1004.0     5.9    236     6.7     0.0    23.8     4.0
    65    1.00     1.9    52.7  1003.4     7.8    295     0.0     0.0    25.3     4.0
    65    2.00     1.2    48.6  1004.1     6.3    289     0.0     0.0    23.6     4.0
    65    3.00     1.2    40.3  1003.9     8.6    292     0.0     0.0    25.1     4.0
    65    4.00     1.1    36.4  1003.5     8.5    295     0.0     0.0    24.4     4.0
    65    5.00     0.8    37.6  1003.7     8.2    295     0.0     0.0    22.4     3.0
    65    6.00     0.3    39.1  1003.8     6.3    236     0.0     0.0    21.9     3.0
    65    7.00     0.2    37.8  1004.2     9.5    292     0.0     0.0    23.0     4.0
    65    8.00     0.3    37.5  1004.8     9.1    295     0.0     0.0    23.1     3.5
    65    9.00     0.5    34.2  1004.6     9.8    295     0.0     0.0    26.4     4.0
    65   10.00     0.8    31.9  1004.8     9.9    303     0.0     0.0    25.6     4.0
    65   11.00     1.2    28.5  1005.1     9.9    306     0.0     0.0    25.8     4.0
    65   12.00     1.5    26.8  1005.3     8.0     14     0.0     0.0    25.8     4.0
    65   13.00     2.7    25.5  1004.9     8.0    348     0.0     0.0    25.5     4.0
    65   14.00     2.9    24.0  1005.1     9.0    354     0.0     0.0    25.1     4.0
    65   15.00     2.8    22.7  1005.3     9.0      0     0.0     0.0    26.4     4.0
    65   16.00     2.7    23.0  1005.6     9.8    303     0.0     0.0    27.7     4.0
    65   17.00     2.2    23.7  1006.4     8.7    306     0.0     0.0    25.5     4.0
    65   18.00     1.2    27.6  1007.8     8.7    309     0.0     0.0    26.3     4.0
    65   19.00     0.7    27.2  1009.6     7.7    306     0.0     0.0    25.8     4.0
    65   20.00     0.3    31.3  1010.5     7.5    295     0.0     0.0    26.4     4.0
    65   21.00    -0.2    31.9  1011.3     6.1    289     0.0     0.0    23.1     4.0
    65   22.00    -1.0    35.1  1012.1     5.7    286     0.0     0.0    24.1     4.0
    65   23.00    -1.5    39.4  1012.7     5.0    289     0.0     0.0    44.4     4.0
    65   24.00    -1.8    39.6  1013.2     4.6    284     0.0     0.0    17.1     3.5
    66    1.00    -1.9    37.0  1013.8     4.1    295     0.0     0.0    16.2     3.5
    66    2.00    -2.6    40.8  1014.4     3.3    278     0.0     0.0    25.1     4.0
    66    3.00    -2.6    38.7  1014.4     2.1    177     0.0     0.0    15.9     2.5
    66    4.00    -3.1    39.3  1014.6     2.3    253     0.0     0.0    16.4     3.5
    66    5.00    -3.2    39.8  1015.3     2.6    267     0.0     0.0    15.8     3.5
    66    6.00    -3.7    41.6  1015.8     2.7    247     0.0     0.0    14.6     4.0
    66    7.00    -3.9    43.9  1016.1     2.2    253     0.0     0.0    17.8     3.5
    66    8.00    -2.1    36.9  1016.7     1.8    137     0.0     0.0    29.9     2.0
    66    9.00    -0.3    31.4  1017.3     2.6    182     0.0     0.0    20.7     3.0
    66   10.00     1.9    24.3  1017.4     2.7    194     0.0     0.0    36.3     3.0
    66   11.00     2.5    24.9  1017.4     3.5    239     0.0     0.0    27.5     3.0
    66   12.00     3.4    23.0  1017.7     3.2    239     0.0     0.0    18.0     3.5
    66   13.00     4.7    21.8  1017.5     2.6    236     0.0     0.0    23.2     2.5
    66   14.00     5.0    19.7  1017.2     3.6    292     0.0     0.0    24.3     2.5
    66   15.00     5.6    20.7  1017.1     3.2    222     0.0     0.0    25.5     2.5
    66   16.00     6.0    18.5  1016.7     2.3    244     0.0     0.0    24.7     3.0
    66   17.00     6.3    17.4  1016.8     1.9    241     0.0     0.0    20.4     2.5
    66   18.00     4.7    19.4  1017.1     1.0    320     0.0     0.0    23.8     4.0
    66   19.00     2.7    24.2  1017.4     1.9     19     0.0     0.0    18.5     4.0
    66   20.00     1.6    27.1  1017.6     2.3     36     0.0     0.0    26.3     4.0
    66   21.00     1.2    32.3  1017.7     1.8     28     0.0     0.0    32.7     4.0
    66   22.00     1.3    30.6  1017.8     2.9     53     0.0     0.0    17.4     3.5
    66   23.00     1.3    32.8  1017.6     1.8     45     0.0     0.0    34.1     4.0
    66   24.00     1.9    32.4  1017.4     2.2     19     0.0     0.0    31.8     4.0
    67    1.00     1.0    42.0  1017.1     3.3     81     0.0     0.0    30.6     4.0
    67    2.00     0.7    50.6  1016.9     3.2     98     0.0     0.0    32.5     4.0
    67    3.00     0.2    58.6  1016.1     2.7     14     0.0     0.0    18.9     4.0
    67    4.00     0.4    56.9  1015.6     3.7     67     0.0     0.0    22.6     4.0
    67    5.00     0.2    59.0  1015.7     3.4      2     0.0     0.0    30.5     4.0
    67    6.00     0.2    60.6  1015.0     3.0     64     0.0     0.0    27.1     4.0
    67    7.00     0.2    63.2  1014.6     3.6     75     0.0     0.0    30.3     3.0
    67    8.00     0.7    65.4  1014.4     4.4     90     0.0     0.0    25.5     3.5
    67    9.00     1.3    62.5  1014.6     6.5     98     0.0     0.0    25.6     3.5
    67   10.00     0.9    75.7  1013.8     6.5     95     0.0     0.0    25.6     3.5
    67   11.00     0.5    83.8  1013.6     7.5     98     0.0     0.0    26.6     4.0
    67   12.00     0.3    85.4  1013.3     7.7    196     0.1     0.0    25.5     4.0
    67   13.00     0.1    82.1  1012.4     9.0    191     0.2     0.0    26.6     4.0
    67   14.00     0.0    87.7  1011.8     8.6    182     0.2     0.4    26.8     4.0
    67   15.00    -0.2    89.2  1011.8     8.3    182     0.3     0.4    26.0     4.0
    67   16.00    -0.7    84.6  1011.6     8.4    191     0.4     0.0    25.7     4.0
    67   17.00    -1.0    83.6  1011.3     8.2     81     0.5     0.0    26.3     4.0
    67   18.00    -1.5    79.3  1011.3     8.9    185     0.7     0.4    26.5     4.0
    67   19.00    -1.6    78.7  1011.5     8.4    191     0.8     0.4    26.5     4.0
    67   20.00    -1.8    80.6  1011.7     9.0     95     0.9     0.4    26.5     4.0
    67   21.00    -2.0    78.0  1011.3     8.3    188     1.1     0.4    25.9     4.0
    67   22.00    -2.2    75.6  1011.5     8.8     95     1.1     0.0    26.1     4.0
    67   23.00    -2.3    74.3  1011.4     8.6    191     1.1     0.0    26.2     4.0
    67   24.00    -2.8    79.0  1011.2     7.8    185     1.2     0.0    27.2     4.0
    68    1.00    -2.7    74.1  1011.1     6.7     95     2.4     0.4    26.3     4.0
    68    2.00    -2.8    75.9  1011.1     4.9     92     3.4     0.6    25.9     4.0
    68    3.00    -3.0    73.9  1010.9     6.0    165     3.5     1.2    26.3     4.0
    68    4.00    -3.1    73.7  1011.2     4.8    182     3.6     1.2    26.9     4.0
    68    5.00    -3.1    72.4  1011.3     4.5    180     6.4     1.2    26.0     4.0
    68    6.00    -3.2    76.0  1011.6     3.3    177     6.5     1.2    26.2     4.0
    68    7.00    -3.8    74.2  1011.9     8.3    104     6.6     1.6    27.1     4.0
    68    8.00    -3.7    71.2  1012.3     5.5    188     6.6     0.2    26.8     3.5
    68    9.00    -3.2    67.2  1012.8     4.9    168     6.7     0.0    26.4     3.5
    68   10.00    -2.5    63.3  1013.3     5.4    174     6.7     0.0    26.6     3.5
    68   11.00    -1.8    56.7  1013.0     4.6    104     6.7     0.0    26.7     3.5
    68   12.00    -0.7    48.6  1013.4     4.5     90     6.7     0.0    25.3     3.0
    68   13.00    -0.9    48.2  1013.6     5.4     95     6.7     0.0    24.5     3.5
    68   14.00    -1.0    47.2  1013.6     5.0    188     6.7     0.0    26.1     3.5
    68   15.00    -0.4    48.0  1014.0     4.7     56     6.7     0.0    26.1     3.5
    68   16.00    -1.0    51.2  1014.8     4.4    118     6.7     0.0    26.1     3.5
    68   17.00    -1.2    49.9  1015.1     4.2    109     6.7     0.0    26.3     3.5
    68   18.00    -2.5    53.2  1015.7     4.6    137     6.7     0.0    20.2     3.0
    68   19.00    -4.2    55.7  1016.5     3.6    140     6.7     0.0    21.3     3.0
    68   20.00    -3.0    56.6  1017.3     3.2    196     6.7     0.0    21.1     3.0
    68   21.00    -2.8    58.5  1018.6     3.7    151     6.7     0.0    17.4     3.5
    68   22.00    -3.4    60.4  1019.6     2.4    120     6.7     0.0    17.2     3.5
    68   23.00    -3.7    62.0  1020.3     2.9    126     6.7     0.0    28.7     4.0
    68   24.00    -3.0    54.5  1019.9     6.2    194     6.7     0.0    22.3     3.0
    69    1.00    -3.0    54.1  1020.4     5.4    109     0.0     0.0    21.8     3.0
    69    2.00    -2.7    53.4  1020.3     5.2    199     0.0     0.0    21.2     3.0
    69    3.00    -2.5    53.5  1020.2     4.4    101     0.0     0.0    20.6     3.0
    69    4.00    -2.3    56.0  1020.3     5.4    185     0.0     0.0    21.8     3.0
    69    5.00    -2.6    56.9  1020.8     6.0    126     0.0     0.0    21.8     3.0
    69    6.00    -2.8    57.3  1020.8     6.8    120     0.0     0.0    25.0     4.0
    69    7.00    -2.6    56.7  1021.0     5.5    196     0.0     0.0    21.0     3.0
    69    8.00    -2.2    54.6  1021.4     6.7     98     0.0     0.0    23.6     3.5
    69    9.00    -2.0    51.6  1022.1     6.6     98     0.0     0.0    22.5     4.0
    69   10.00    -1.6    53.5  1022.3     8.8     98     0.0     0.0    26.2     3.5
    69   11.00    -1.5    48.9  1022.1     8.2     92     0.0     0.0    26.9     4.0
    69   12.00    -1.3    47.6  1022.0     8.8    101     0.0     0.0    25.6     3.5
    69   13.00    -1.6    48.2  1020.7     8.7    101     0.0     0.0    26.3     4.0
    69   14.00    -1.2    47.9  1021.3     7.7    104     0.0     0.0    26.3     3.5
    69   15.00    -1.1    45.6  1020.2     8.0    101     0.0     0.0    26.4     4.0
    69   16.00    -0.8    46.5  1019.8     7.5    188     0.0     0.0    26.5     4.0
    69   17.00    -0.9    49.5  1018.9     7.7     98     0.0     0.0    25.8     4.0
    69   18.00    -0.9    50.1  1019.1     7.8     98     0.0     0.0    25.9     4.0
    69   19.00    -0.8    52.3  1018.5     7.4     98     0.0     0.0    26.7     4.0
    69   20.00    -0.6    55.2  1018.4     7.1    104     0.0     0.0    26.5     4.0
    69   21.00    -0.7    58.0  1017.6     7.8     95     0.0     0.0    26.3     4.0
    69   22.00    -0.4    59.4  1016.3     9.5    196     0.0     0.0    26.0     4.0
    69   23.00    -0.8    80.0  1015.2     8.7    185     0.1     0.4    26.4     4.0
    69   24.00    -0.8    80.3  1014.8     7.8     95     0.3     0.4    27.3     4.0
    70    1.00    -0.8    81.2  1013.5     8.2    196     0.1     0.0    25.6     4.0
    70    2.00    -0.8    80.2  1013.1     8.3    177     0.2     0.0    26.9     4.0
    70    3.00    -0.8    82.2  1012.1     9.1    177     0.3     0.4    26.4     4.0
    70    4.00    -1.0    79.9  1011.8     6.9    177     0.6     0.8    26.3     4.0
    70    5.00    -1.0    77.7  1011.2     5.4     92     0.8     0.0    25.4     4.0
    70    6.00    -1.4    77.4  1010.6     6.5     98     1.0     0.4    21.2     3.0
    70    7.00    -1.6    76.2  1010.3     6.5    101     1.1     0.4    23.3     3.0
    70    8.00    -1.2    73.8  1010.0     5.7    101     1.3     0.4    21.9     3.0
    70    9.00    -0.8    70.8  1009.6     5.9    101     1.4     0.0    26.7     3.5
    70   10.00    -0.1    59.8  1009.2     6.3     92     1.4     0.0    24.5     3.0
    70   11.00     0.7    56.4  1008.4     4.3     53     1.4     0.0    26.3     3.5
    70   12.00     1.5    54.8  1008.0     4.6     56     1.7     2.0    25.8     3.5
    70   13.00     2.2    52.5  1007.2     3.8     95     1.8     0.0    23.4     3.0
    70   14.00     2.7    51.5  1006.7     2.9    118     1.8     0.0    26.1     3.0
    70   15.00     2.7    51.3  1006.3     2.9    101     1.8     0.0    26.0     3.0
    70   16.00     2.9    49.9  1006.2     3.0     90     1.8     0.0    22.2     3.0
    70   17.00     2.3    52.2  1005.9     2.1     98     1.8     0.0    27.8     2.5
    70   18.00     2.1    58.0  1005.9     1.8    227     1.8     0.0    18.6     4.0
    70   19.00     1.5    59.1  1006.1     1.0    247     1.8     0.0    20.9     3.0
    70   20.00     1.3    59.9  1006.1     1.3    225     1.8     0.0    20.2     3.0
    70   21.00     1.4    58.5  1006.3     2.7    227     1.8     0.0    13.5     4.0
    70   22.00     1.2    58.2  1006.4     2.3    239     1.9     0.0    20.3     3.0
    70   23.00     1.1    59.2  1006.1     1.8    171     1.9     0.0    16.1     3.5
    70   24.00     1.1    61.7  1005.8     2.7    225     1.9     0.0    24.1     4.0
    71    1.00     1.0    60.0  1005.1     2.2    199     0.0     0.0    33.7     4.0
    71    2.00     0.6    61.0  1005.0     2.4    191     0.0     0.0    33.7     4.0
    71    3.00     0.6    61.8  1004.8     2.6    230     0.0     0.0    28.2     4.0
    71    4.00     0.6    62.5  1004.3     1.9    227     0.0     0.0    31.0     4.0
    71    5.00     0.8    61.9  1004.6     1.8    151     0.0     0.0    21.0     3.0
    71    6.00     0.7    61.0  1004.4     2.0    247     0.0     0.8    22.9     4.0
    71    7.00     0.4    66.3  1003.9     1.9    126     0.3     0.8    19.5     3.0
    71    8.00     0.8    65.1  1004.7     2.6    267     0.3     0.0    19.3     3.5
    71    9.00     2.1    56.0  1004.9     1.1    185     0.3     0.0    30.0     2.5
    71   10.00     2.7    48.2  1004.9     1.2    340     0.5     0.0    22.7     3.0
    71   11.00     2.8    47.6  1005.2     3.0    253     0.5     0.0    24.0     3.0
    71   12.00     2.8    50.3  1005.2     3.5    239     0.5     0.0    22.4     3.0
    71   13.00     3.1    48.6  1005.4     4.2    239     0.5     0.0    20.9     3.0
    71   14.00     4.1    40.9  1004.9     4.6    236     0.5     0.0    17.1     3.5
    71   15.00     4.2    40.6  1004.9     4.7    194     0.5     0.0    18.3     3.5
    71   16.00     4.1    40.3  1004.8     4.6    244     0.5     0.0    17.1     3.5
    71   17.00     3.9    41.3  1005.1     4.5    261     0.5     0.0    19.7     3.5
    71   18.00     3.3    47.6  1005.7     3.6    244     0.5     0.0    17.9     4.0
    71   19.00     3.0    47.3  1006.2     7.7    312     0.5     0.0    21.0     3.0
    71   20.00     2.3    49.0  1006.9     6.6    303     0.5     0.0    25.9     4.0
    71   21.00     1.4    50.8  1007.4     5.0    250     0.5     0.0    25.2     4.0
    71   22.00     1.4    48.9  1008.0     5.6    236     0.5     0.0    21.9     3.0
    71   23.00     1.0    47.5  1008.2     5.2    278     0.5     0.0    19.0     4.0
    71   24.00     0.5    48.4  1008.3     6.2    281     0.5     0.0    22.8     4.0
    72    1.00     0.9    43.6  1008.5     5.9    272     0.0     0.0    24.4     4.0
    72    2.00    -0.3    46.9  1008.5     6.2    272     0.0     0.0    21.4     3.0
    72    3.00     0.8    42.4  1008.6     7.0    272     0.0     0.0    23.3     4.0
    72    4.00    -0.2    42.5  1008.4     6.5    272     0.0     0.0    21.6     3.0
    72    5.00    -0.5    39.9  1008.8     7.3    270     0.0     0.0    16.6     3.5
    72    6.00    -1.2    41.3  1008.8     8.3    278     0.0     0.0    20.2     3.0
    72    7.00    -1.2    41.3  1009.2     6.4    278     0.0     0.0    20.5     3.0
    72    8.00    -0.7    38.3  1009.4     6.5    255     0.0     0.0    21.5     3.0
    72    9.00     1.1    35.3  1009.7     7.9    233     0.0     0.0    21.5     3.0
    72   10.00     3.1    32.5  1009.8     7.4    278     0.0     0.0    21.6     3.0
    72   11.00     4.8    30.4  1009.5     6.5    222     0.0     0.0    22.2     3.0
    72   12.00     6.1    28.0  1009.4     6.1    230     0.0     0.0    23.7     3.5
    72   13.00     6.1    28.1  1009.0     7.2    295     0.0     0.0    24.9     3.5
    72   14.00     7.0    25.7  1008.4     6.9    239     0.0     0.0    24.8     3.5
    72   15.00     7.4    24.8  1007.9     5.9    239     0.0     0.0    23.0     3.5
    72   16.00     7.2    26.4  1007.6     5.9    320     0.0     0.0    27.0     3.0
    72   17.00     6.3    30.8  1007.8     6.9    261     0.0     0.0    25.5     3.5
    72   18.00     4.5    40.6  1008.2     6.4    241     0.0     0.0    22.2     3.0
    72   19.00     3.3    45.0  1008.5     4.5    286     0.0     0.0    21.4     3.0
    72   20.00     3.2    45.3  1008.8     7.0    233     0.0     0.0    21.1     3.0
    72   21.00     2.9    45.5  1008.9     5.8    286     0.0     0.0    22.8     4.0
    72   22.00     2.7    45.0  1008.9     6.7    284     0.0     0.0    18.1     4.0
    72   23.00     3.1    46.5  1008.7     7.7    292     0.0     0.0    23.8     4.0
    72   24.00     2.4    48.6  1008.6     8.1    244     0.0     0.0    20.2     3.0
    73    1.00     2.4    48.3  1008.3     5.3    284     0.0     0.0    23.3     4.0
    73    2.00     2.4    46.8  1008.6     7.3    236     0.0     0.0    21.5     3.0
    73    3.00     2.3    47.0  1008.0     7.5    239     0.0     0.0    24.9     4.0
    73    4.00     2.2    43.8  1007.9     6.3    289     0.0     0.0    23.4     4.0
    73    5.00     1.5    46.0  1008.2     6.0    284     0.0     0.0    21.7     3.0
    73    6.00     1.5    47.0  1007.8     6.8    284     0.0     0.0    23.8     4.0
    73    7.00     1.6    44.8  1008.2     5.8    281     0.0     0.0    22.6     3.5
    73    8.00     1.5    46.3  1008.4     7.4    236     0.0     0.0    19.4     3.5
    73    9.00     4.4    37.0  1008.9     7.8    236     0.0     0.0    17.7     3.5
    73   10.00     5.2    36.0  1008.9     7.0    236     0.0     0.0    20.1     3.0
    73   11.00     5.9    35.4  1008.5     7.2    239     0.0     0.0    23.4     3.5
    73   12.00     6.6    34.8  1008.6     7.3    286     0.0     0.0    22.5     3.0
    73   13.00     7.0    34.6  1008.4     7.0    281     0.0     0.0    22.1     3.0
    73   14.00     7.4    34.8  1007.8     7.7    281     0.0     0.0    23.4     3.5
    73   15.00     7.9    31.6  1007.3     9.8    303     0.0     0.0    25.6     3.5
    73   16.00     8.0    31.9  1007.1     7.2    244     0.0     0.0    24.3     3.5
    73   17.00     7.4    32.7  1006.9     6.2    239     0.0     0.0    23.9     3.5
    73   18.00     5.6    40.5  1006.9     5.4    236     0.0     0.0    22.1     3.0
    73   19.00     4.3    45.6  1007.1     6.1    239     0.0     0.0    22.5     4.0
    73   20.00     4.2    42.1  1007.2     7.6    239     0.0     0.0    21.4     3.0
    73   21.00     3.5    43.4  1007.3     7.2    239     0.0     0.0    17.5     4.0
    73   22.00     2.0    51.7  1007.3     7.4    239     0.0     0.0    25.5     4.0
    73   23.00     3.2    46.9  1007.2     7.3    239     0.0     0.0    23.0     4.0
    73   24.00     3.2    45.9  1006.8     7.3    239     0.0     0.0    22.3     3.0
    74    1.00     3.6    44.4  1006.4     6.9    239     0.0     0.0    23.1     4.0
    74    2.00     3.8    42.4  1006.2     7.4    239     0.0     0.0    22.0     3.0
    74    3.00     3.8    42.7  1005.3     7.2    239     0.0     0.0    23.6     4.0
    74    4.00     3.6    42.5  1004.9     6.9    241     0.0     0.0    23.9     4.0
    74    5.00     4.2    40.6  1004.7     7.7    241     0.0     0.0    24.6     4.0
    74    6.00     3.5    42.4  1004.5     7.8    239     0.0     0.0    25.0     4.0
    74    7.00     3.0    43.9  1004.5     7.8    239     0.0     0.0    23.5     3.5
    74    8.00     4.7    35.4  1004.8     7.9    239     0.0     0.0    23.8     3.5
    74    9.00     5.3    35.4  1005.0     9.4    239     0.0     0.0    24.9     4.0
    74   10.00     7.4    31.4  1005.1     9.5    312     0.0     0.0    25.5     3.5
    74   11.00     8.3    30.4  1005.5     6.1      5     0.0     0.0    26.0     4.0
    74   12.00     9.1    27.3  1005.6     7.0      5     0.0     0.0    26.6     4.0
    74   13.00    10.4    23.7  1005.6     7.1    348     0.0     0.0    25.9     4.0
    74   14.00    10.2    22.2  1005.3     8.9      5     0.0     0.0    25.9     4.0
    74   15.00    10.8    21.6  1005.5     6.8      0     0.0     0.0    26.6     4.0
    74   16.00    10.8    20.4  1005.6     6.9    354     0.0     0.0    25.9     4.0
    74   17.00    10.2    21.8  1005.5     7.5      0     0.0     0.0    26.0     4.0
    74   18.00     8.4    26.0  1006.4     9.8    253     0.0     0.0    25.2     4.0
    74   19.00     6.6    25.0  1007.6     9.8    306     0.0     0.0    26.8     4.0
    74   20.00     5.3    22.8  1008.6     6.4      0     0.0     0.0    26.9     4.0
    74   21.00     4.6    26.1  1010.1     8.5    250     0.0     0.0    26.9     4.0
    74   22.00     3.9    29.4  1010.9     6.9    239     0.0     0.0    26.0     4.0
    74   23.00     3.2    34.4  1011.4     7.1    281     0.0     0.0    24.8     4.0
    74   24.00     3.0    35.0  1011.7     7.3    292     0.0     0.0    22.8     4.0
    75    1.00     2.9    32.6  1012.1     6.7    292     0.0     0.0    25.4     4.0
    75    2.00     2.4    32.9  1012.8     6.8    239     0.0     0.0    23.4     4.0
    75    3.00     2.6    28.5  1012.6     7.5    241     0.0     0.0    23.6     4.0
    75    4.00     1.6    34.2  1012.8     7.1    292     0.0     0.0    23.5     4.0
    75    5.00     1.8    30.5  1013.1     7.1    286     0.0     0.0    23.7     4.0
    75    6.00     1.5    30.7  1013.2     5.7    284     0.0     0.0    22.2     3.0
    75    7.00     0.5    35.5  1013.0     4.1    258     0.0     0.0    21.7     3.0
    75    8.00     2.3    29.4  1013.4     6.3    230     0.0     0.0    17.2     3.5
    75    9.00     4.9    32.8  1013.5     4.3    250     0.0     0.0    19.4     3.5
    75   10.00     7.6    33.4  1013.1     4.0    188     0.0     0.0    17.3     3.5
    75   11.00     9.4    29.5  1012.4     2.7    236     0.0     0.0    23.2     2.5
    75   12.00    10.9    28.8  1011.7     3.6    199     0.0     0.0    25.8     3.0
    75   13.00    12.5    29.1  1010.8     5.2    191     0.0     0.0    34.5     3.5
    75   14.00    13.7    27.7  1009.9     5.0    171     0.0     0.0    17.4     3.5
    75   15.00    14.6    29.2  1009.3     7.9    241     0.0     0.0    24.5     3.5
    75   16.00    14.7    27.5  1009.3     8.9    295     0.0     0.0    25.5     4.0
    75   17.00    13.5    29.6  1009.2     6.1    275     0.0     0.0    26.5     3.5
    75   18.00    12.3    33.0  1009.5     4.2    270     0.0     0.0    23.5     4.0
    75   19.00    11.1    37.4  1010.2     4.5    267     0.0     0.0    23.8     4.0
    75   20.00    10.6    39.1  1011.4     4.8    264     0.0     0.0    25.9     4.0
    75   21.00     9.4    33.3  1012.0     5.5    258     0.0     0.0    26.7     4.0
    75   22.00     9.2    35.2  1012.8     8.1    261     0.0     0.0    26.3     4.0
    75   23.00     8.2    39.3  1013.4     8.9    253     0.0     0.0    26.1     4.0
    75   24.00     6.8    39.2  1013.7     6.1    289     0.0     0.0    26.2     4.0
    76    1.00     6.2    40.0  1014.0     8.4    239     0.0     0.0    25.2     4.0
    76    2.00     5.4    41.0  1014.5     9.3    241     0.0     0.0    25.1     4.0
    76    3.00     4.5    45.6  1015.1     7.7    295     0.0     0.0    22.6     4.0
    76    4.00     4.9    40.5  1015.4     8.9    247     0.0     0.0    24.2     4.0
    76    5.00     4.8    33.4  1016.0     9.4    258     0.0     0.0    27.1     4.0
    76    6.00     4.0    32.8  1016.8     7.1    244     0.0     0.0    25.6     4.0
    76    7.00     3.7    33.2  1017.9     7.5    306     0.0     0.0    27.3     3.5
    76    8.00     5.1    26.6  1018.8     9.2    261     0.0     0.0    26.7     3.5
    76    9.00     5.8    24.5  1020.1     8.6    272     0.0     0.0    26.2     4.0
    76   10.00     6.8    23.0  1020.9     8.3    289     0.0     0.0    17.8     3.5
    76   11.00     7.2    29.2  1021.5     6.3    292     0.0     0.0    18.8     3.5
    76   12.00     8.0    24.1  1021.8     4.6    267     0.0     0.0    26.3     3.5
    76   13.00     7.2    29.3  1021.8     4.3    292     0.0     0.0    20.4     2.0
    76   14.00     9.4    30.0  1021.6     6.3    255     0.0     0.0    21.4     3.0
    76   15.00     9.5    29.5  1021.3     5.8    270     0.0     0.0    24.8     3.5
    76   16.00    10.1    27.5  1021.0     6.0    270     0.0     0.0    24.5     3.5
    76   17.00     9.5    30.4  1021.2     6.5    303     0.0     0.0    27.0     3.5
    76   18.00     8.3    33.6  1021.4     5.5    258     0.0     0.0    26.9     4.0
    76   19.00     6.5    30.5  1022.2     4.4    236     0.0     0.0    25.5     4.0
    76   20.00     5.1    35.5  1022.8     6.2    250     0.0     0.0    26.4     4.0
    76   21.00     4.4    38.0  1023.0     5.9    253     0.0     0.0    22.6     4.0
    76   22.00     3.4    32.5  1023.3     5.1    244     0.0     0.0    20.1     3.0
    76   23.00     2.4    39.7  1023.2     3.8    233     0.0     0.0    15.9     3.5
    76   24.00     1.8    44.2  1023.1     3.5    225     0.0     0.0    16.9     3.5
    77    1.00     2.0    42.8  1023.2     2.6    210     0.0     0.0    15.3     3.5
    77    2.00     1.3    44.8  1023.1     3.5    261     0.0     0.0    20.6     3.0
    77    3.00     1.5    44.1  1022.9     2.0    244     0.0     0.0    11.7     4.0
    77    4.00     1.6    45.5  1022.5     1.5    163     0.0     0.0    25.1     4.0
    77    5.00     1.4    46.8  1022.3     2.1    199     0.0     0.0    14.1     4.0
    77    6.00     1.5    45.8  1022.4     1.2    143     0.0     0.0    37.0     4.0
    77    7.00     0.9    48.2  1022.3     1.9    126     0.0     0.0    38.5     3.0
    77    8.00     2.5    43.6  1022.8     2.3    154     0.0     0.0    32.6     3.0
    77    9.00     4.3    40.6  1022.7     3.0    154     0.0     0.0    28.9     3.0
    77   10.00     7.4    37.0  1022.5     2.0    140     0.0     0.0    23.3     3.0
    77   11.00     9.6    30.2  1022.3     1.4    104     0.0     0.0    31.7     2.0
    77   12.00    11.0    26.4  1022.1     1.6    109     0.0     0.0    16.1     3.5
    77   13.00    13.0    23.9  1021.7     1.4    284     0.0     0.0    28.8     1.5
    77   14.00    13.6    23.8  1021.0     2.6    219     0.0     0.0    24.4     2.0
    77   15.00    13.2    24.4  1020.6     3.5    281     0.0     0.0    19.7     3.5
    77   16.00    14.9    31.5  1020.4     2.9    281     0.0     0.0    22.6     2.5
    77   17.00    14.0    39.9  1020.1     1.7    306     0.0     0.0    24.6     3.0
    77   18.00    13.0    33.2  1020.3     1.8    154     0.0     0.0    12.5     4.0
    77   19.00    10.6    35.1  1020.6     2.0    149     0.0     0.0    18.9     4.0
    77   20.00     9.3    41.3  1020.9     2.8    233     0.0     0.0    32.2     4.0
    77   21.00     7.3    39.5  1021.2     2.4    191     0.0     0.0    26.9     4.0
    77   22.00     6.9    39.9  1021.6     3.1    174     0.0     0.0    12.6     3.5
    77   23.00     6.7    40.0  1021.8     3.3    154     0.0     0.0    13.3     3.5
    77   24.00     5.2    45.8  1021.9     3.4    177     0.0     0.0    10.6     4.0
    78    1.00     3.9    45.1  1022.1     3.5    191     0.0     0.0    29.6     4.0
    78    2.00     3.4    44.2  1022.3     2.6    171     0.0     0.0    31.9     4.0
    78    3.00     2.7    47.5  1022.4     2.6    160     0.0     0.0    36.9     4.0
    78    4.00     2.4    50.2  1022.6     2.2    135     0.0     0.0    31.7     4.0
    78    5.00     2.2    50.4  1023.0     2.0    182     0.0     0.0    35.9     3.5
    78    6.00     1.2    53.6  1023.4     1.7    151     0.0     0.0    21.0     3.0
    78    7.00     1.1    54.6  1023.6     1.8    191     0.0     0.0    39.5     3.0
    78    8.00     3.6    46.5  1024.3     1.0    165     0.0     0.0    16.0     3.5
    78    9.00     6.6    36.0  1024.6     1.0    196     0.0     0.0    17.1     3.0
    78   10.00     9.0    30.1  1024.4     1.1    194     0.0     0.0    31.1     2.0
    78   11.00    12.1    33.0  1024.1     1.5    137     0.0     0.0    28.2     2.5
    78   12.00    14.2    29.3  1023.6     1.6    132     0.0     0.0    23.7     1.5
    78   13.00    16.1    25.9  1023.0     1.6     22     0.0     0.0    31.9     2.0
    78   14.00    16.7    22.3  1022.2     2.1    272     0.0     0.0    26.0     2.0
    78   15.00    16.7    20.0  1021.4     3.8     50     0.0     0.0    23.5     3.0
    78   16.00    17.0    27.9  1020.8     2.4     59     0.0     0.0    37.7     2.5
    78   17.00    17.0    25.1  1020.2     1.8    351     0.0     0.0    21.5     3.0
    78   18.00    16.2    27.5  1019.9     2.3     73     0.0     0.0    16.8     3.5
    78   19.00    12.8    33.5  1020.1     2.5     56     0.0     0.0    25.9     4.0
    78   20.00    10.5    38.8  1020.4     3.1     70     0.0     0.0    22.7     4.0
    78   21.00     9.0    34.9  1020.5     2.6     81     0.0     0.0    31.8     4.0
    78   22.00     8.3    37.7  1020.3     2.5    104     0.0     0.0    13.1     4.0
    78   23.00     7.1    33.5  1020.1     2.2     87     0.0     0.0    18.8     4.0
    78   24.00     6.1    37.2  1020.1     1.0     14     0.0     0.0    18.6     4.0
    79    1.00     5.1    45.0  1020.0     1.0    331     0.0     0.0    15.7     3.5
    79    2.00     4.6    47.9  1019.9     1.8      0     0.0     0.0    17.3     3.0
    79    3.00     3.6    51.8  1019.9     3.5    284     0.0     0.0    32.2     4.0
    79    4.00     3.5    54.3  1019.6     1.3    286     0.0     0.0    36.8     4.0
    79    5.00     3.1    56.6  1019.7     1.6    196     0.0     0.0    26.7     4.0
    79    6.00     2.3    58.5  1019.7     1.5    236     0.0     0.0    13.5     4.0
    79    7.00     2.2    61.2  1019.1     2.1    351     0.0     0.0    32.0     3.0
    79    8.00     4.0    54.8  1019.4     2.2    222     0.0     0.0    30.2     3.0
    79    9.00     7.8    40.0  1019.4     1.6    247     0.0     0.0    25.3     3.0
    79   10.00    11.8    29.5  1019.2     1.0    106     0.0     0.0    37.4     1.0
    79   11.00    14.3    25.5  1018.9     1.2    106     0.0     0.0    30.6     3.0
    79   12.00    16.5    25.7  1018.0     1.5    168     0.0     0.0    20.6     2.0
    79   13.00    19.5    25.4  1017.1     3.0    247     0.0     0.0    30.9     2.5
    79   14.00    20.4    26.6  1016.1     2.8    306     0.0     0.0    22.4     2.5
    79   15.00    20.8    26.1  1015.1     2.1    329     0.0     0.0    35.9     2.5
    79   16.00    20.3    25.3  1014.3     1.9    196     0.0     0.0    24.6     2.0
    79   17.00    20.6    29.1  1013.8     3.1     47     0.0     0.0    21.4     3.0
    79   18.00    19.3    35.7  1013.8     2.1     36     0.0     0.0    20.7     3.0
    79   19.00    15.7    40.6  1013.9     1.8     56     0.0     0.0    11.5     4.0
    79   20.00    14.1    48.1  1014.2     4.2    123     0.0     0.0    16.2     3.5
    79   21.00    13.2    49.5  1014.3     3.8    160     0.0     0.0    35.7     4.0
    79   22.00    12.6    50.1  1014.1     3.9    168     0.0     0.0    18.1     4.0
    79   23.00    12.3    49.9  1013.7     4.0    168     0.0     0.0    12.2     4.0
    79   24.00    11.4    52.0  1013.4     3.8    174     0.0     0.0    29.8     4.0
    80    1.00    10.1    26.2  1013.5     4.4    191     0.0     0.0    34.0     4.0
    80    2.00     8.7    33.9  1013.5     2.8    194     0.0     0.0    33.3     4.0
    80    3.00     8.1    36.7  1013.3     3.4    151     0.0     0.0    33.5     4.0
    80    4.00     8.2    35.0  1013.1     3.4    188     0.0     0.0    15.7     3.5
    80    5.00     7.4    40.5  1013.4     3.0    213     0.0     0.0    17.5     3.5
    80    6.00     7.7    35.2  1013.5     3.5    146     0.0     0.0    32.1     4.0
    80    7.00     8.2    33.6  1013.8     2.6    123     0.0     0.0    20.4     3.0
    80    8.00    10.7    27.1  1013.7     3.2    168     0.0     0.0    28.0     3.0
    80    9.00    13.1    25.5  1014.0     2.8    185     0.0     0.0    28.7     3.0
    80   10.00    15.6    22.3  1013.8     3.5    165     0.0     0.0    16.5     3.5
    80   11.00    19.4    16.7  1013.5     4.4    233     0.0     0.0    19.5     3.5
    80   12.00    22.4    28.8  1012.7     6.2    239     0.0     0.0    24.7     3.0
    80   13.00    22.8    27.6  1012.0     5.8    303     0.0     0.0    26.2     3.5
    80   14.00    23.0    25.6  1011.3     5.6    253     0.0     0.0    27.2     3.5
    80   15.00    22.9    25.9  1010.8     5.4    244     0.0     0.0    24.1     3.5
    80   16.00    23.0    26.3  1010.4     4.0    241     0.0     0.0    25.1     3.0
    80   17.00    22.8    26.4  1009.9     2.7    351     0.0     0.0    26.9     3.0
    80   18.00    21.5    29.7  1009.9     2.2    236     0.0     0.0    26.2     4.0
    80   19.00    18.9    15.6  1010.0     3.8    264     0.0     0.0    19.7     4.0
    80   20.00    16.6    20.1  1010.6     3.9    281     0.0     0.0    40.7     4.0
    80   21.00    14.7    26.5  1011.1     4.5    272     0.0     0.0    28.5     4.0
    80   22.00    14.2    27.2  1011.2     3.1    185     0.0     0.0     9.8     4.0
    80   23.00    13.1    30.9  1011.3     2.1    230     0.0     0.0    15.5     3.5
    80   24.00    12.1    36.4  1011.5     2.9    188     0.0     0.0    24.0     4.0
    81    1.00    11.4    40.8  1011.6     5.2    233     0.0     0.0    31.9     4.0
    81    2.00    12.0    38.6  1011.4     5.8    236     0.0     0.0    17.2     3.5
    81    3.00    12.7    33.9  1011.2     7.1    236     0.0     0.0    17.9     4.0
    81    4.00    12.9    34.1  1010.9     6.7    236     0.0     0.0    24.8     4.0
    81    5.00    12.7    34.1  1011.1     7.7    239     0.0     0.0    20.7     3.0
    81    6.00    12.5    35.7  1011.3     6.1    233     0.0     0.0    20.9     3.0
    81    7.00    12.8    35.7  1011.7     7.2    236     0.0     0.0    21.5     3.0
    81    8.00    14.5    33.3  1012.0     5.9    236     0.0     0.0    17.8     3.5
    81    9.00    18.1    25.6  1012.0     6.7    244     0.0     0.0    25.9     3.5
    81   10.00    19.9    20.7  1012.1     6.8    261     0.0     0.0    25.6     3.5
    81   11.00    20.4    19.4  1011.9     7.6    270     0.0     0.0    25.8     3.5
    81   12.00    21.3    17.9  1011.4     7.1    303     0.4     5.2    26.0     3.5
    81   13.00    21.9    16.1  1010.9     8.8    250     0.4     0.0    25.8     3.5
    81   14.00    22.1    15.6  1010.3     8.9    255     0.4     0.0    25.2     4.0
    81   15.00    22.7    14.9  1009.7     7.1    284     0.4     0.0    25.9     4.0
    81   16.00    22.1    16.4  1009.4     6.3    267     0.4     0.0    25.7     3.5
    81   17.00    21.6    16.9  1009.4     4.8    258     0.4     0.0    26.2     3.5
    81   18.00    20.7    19.7  1009.4     4.1    255     0.4     0.0    24.7     4.0
    81   19.00    18.9    24.5  1009.7     5.8    261     0.4     0.0    25.0     4.0
    81   20.00    18.8    24.1  1010.2     5.6    253     0.4     0.0    27.0     4.0
    81   21.00    17.7    28.2  1010.6     5.2    250     0.4     0.0    25.2     4.0
    81   22.00    16.7    32.7  1010.9     6.1    244     0.4     0.0    18.9     4.0
    81   23.00    16.0    37.5  1011.0     6.5    247     0.4     0.0    27.0     4.0
    81   24.00    15.7    39.8  1011.2     6.2    253     0.4     0.0    17.2     3.5
    82    1.00    15.2    42.5  1011.2     5.6    278     0.0     0.0    32.8     4.0
    82    2.00    15.2    41.5  1011.1     5.2    281     0.0     0.0    30.3     4.0
    82    3.00    15.0    41.7  1011.0     3.3    309     0.0     0.0    23.6     4.0
    82    4.00    14.5    44.7  1011.3     3.3    348     0.0     0.0    10.1     4.0
    82    5.00    13.2    64.0  1011.3     9.2     36     0.0     0.0    26.8     4.0
    82    6.00    12.4    64.6  1012.2     7.2     39     0.0     0.0    24.4     4.0
    82    7.00    11.0    61.4  1013.3     7.8     36     0.0     0.0    27.1     3.5
    82    8.00    10.9    58.9  1013.7     9.2     42     0.0     0.0    24.4     3.5
    82    9.00    10.8    59.1  1014.4     8.9     45     0.0     0.0    24.5     4.0
    82   10.00    10.9    56.5  1014.8     8.7     45     0.0     0.0    25.9     4.0
    82   11.00    10.8    55.3  1014.9     8.5    194     0.0     0.0    26.1     4.0
    82   12.00    10.4    56.8  1014.9     8.0    180     0.0     0.0    26.6     4.0
    82   13.00    10.6    58.1  1014.7     7.7    185     0.0     0.0    26.2     4.0
    82   14.00    10.3    59.7  1014.5     6.6     42     0.0     0.0    24.6     3.5
    82   15.00     9.8    64.1  1014.4     6.7     33     0.0     0.0    24.7     3.5
    82   16.00     9.5    62.9  1014.1     5.7     87     0.0     0.0    20.7     3.0
    82   17.00     9.3    64.0  1014.0     5.9     36     0.0     0.0    20.4     3.0
    82   18.00     9.1    63.5  1014.1     4.5     22     0.0     0.0    21.5     3.0
    82   19.00     9.0    63.9  1014.0     3.4     19     0.0     0.0    23.5     4.0
    82   20.00     8.9    62.7  1014.1     3.2     19     0.0     0.0    25.4     4.0
    82   21.00     8.7    65.7  1014.0     2.9     14     0.0     0.0    24.5     4.0
    82   22.00     8.7    66.4  1013.9     2.8     14     0.0     0.0    18.1     4.0
    82   23.00     8.6    66.5  1013.5     2.4      2     0.0     0.0    16.6     3.5
    82   24.00     8.7    65.1  1013.3     2.1     16     0.0     0.0    15.3     3.5
    83    1.00     8.6    63.2  1013.1     2.2     67     0.0     0.0    13.3     4.0
    83    2.00     8.5    63.3  1013.0     1.0      0     0.0     0.0    22.8     4.0
    83    3.00     8.7    60.8  1012.7     1.0    345     0.0     0.0    26.6     4.0
    83    4.00     8.6    62.0  1012.2     1.0    340     0.0     0.0    24.5     4.0
    83    5.00     8.5    63.9  1012.2     1.0    272     0.0     0.0    25.3     4.0
    83    6.00     8.6    62.8  1012.1     1.2    255     0.0     0.0    19.9     4.0
    83    7.00     8.7    63.7  1012.1     1.0    255     0.0     0.0    17.2     3.5
    83    8.00     9.1    62.8  1012.3     1.2    278     0.0     0.0    30.2     3.0
    83    9.00     9.9    55.8  1012.5     1.6    281     0.0     0.0    27.0     3.0
    83   10.00    10.5    52.3  1012.6     1.8    300     0.0     0.0    24.1     3.0
    83   11.00    11.3    47.4  1012.5     1.5    298     0.0     0.0    30.1     3.0
    83   12.00    12.1    43.4  1012.3     1.7    222     0.0     0.0    22.9     2.5
    83   13.00    13.0    41.1  1011.9     2.6    233     0.0     0.0    29.8     2.5
    83   14.00    14.6    35.5  1011.3     2.5    244     0.0     0.0    37.7     2.5
    83   15.00    14.9    34.6  1011.0     2.5    188     0.0     0.0    21.6     3.0
    83   16.00    14.5    36.2  1011.0     1.4    309     0.0     0.0    23.0     2.5
    83   17.00    14.5    37.1  1011.1     2.9    126     0.0     0.0    32.2     3.0
    83   18.00    14.0    38.9  1011.5     3.0    137     0.0     0.0    22.8     4.0
    83   19.00    12.5    45.6  1011.9     2.7    143     0.0     0.0    15.5     3.5
    83   20.00    11.4    50.9  1012.4     2.1    146     0.0     0.0    30.6     4.0
    83   21.00    10.9    53.7  1013.0     2.3    348     0.0     0.0    15.2     3.5
    83   22.00    10.3    57.8  1013.3     1.1     16     0.0     0.0     7.8     4.0
    83   23.00     9.9    59.2  1013.7     1.6     22     0.0     0.0    30.1     4.0
    83   24.00     9.6    60.4  1013.9     1.0     81     0.0     0.0    24.7     4.0
    84    1.00     8.9    62.4  1013.9     1.0    104     0.0     0.0    13.6     4.0
    84    2.00     9.1    63.4  1014.2     1.0    185     0.0     0.0    35.0     4.0
    84    3.00     9.0    63.3  1014.4     1.5    210     0.0     0.0    32.6     4.0
    84    4.00     9.2    64.5  1014.4     1.7    239     0.0     0.0    31.1     3.0
    84    5.00     9.6    62.2  1014.4     1.0    331     0.0     0.0    18.7     4.0
    84    6.00     9.5    62.6  1014.8     2.7    348     0.0     0.0     0.1     4.0
    84    7.00     9.5    64.8  1015.4     1.3    188     0.0     0.0    14.0     3.5
    84    8.00    10.3    63.9  1016.0     1.0    185     0.0     0.0    25.1     3.0
    84    9.00    13.7    47.8  1016.2     1.4     28     0.0     0.0    31.4     3.0
    84   10.00    15.9    40.5  1016.1     2.6     78     0.0     0.0    22.8     3.0
    84   11.00    17.4    35.4  1015.8     2.7     30     0.0     0.0    33.0     3.0
    84   12.00    18.5    31.6  1015.5     6.3    104     0.0     0.0    23.2     3.5
    84   13.00    19.4    27.2  1015.1     5.1     87     0.0     0.0    24.1     3.5
    84   14.00    19.4    23.8  1014.4     7.3    101     0.0     0.0    23.5     3.5
    84   15.00    20.2    19.9  1013.9     7.2     47     0.0     0.0    24.4     3.5
    84   16.00    20.2    18.4  1013.5     7.8     50     0.0     0.0    24.5     3.5
    84   17.00    20.0    17.1  1013.5     6.5     50     0.0     0.0    26.3     3.5
    84   18.00    18.8    18.6  1013.8     5.3     47     0.0     0.0    27.4     3.5
    84   19.00    17.0    21.3  1014.1     5.1     56     0.0     0.0    26.4     4.0
    84   20.00    15.7    25.5  1014.8     4.8     47     0.0     0.0    26.9     4.0
    84   21.00    15.4    27.5  1015.1     6.8    180     0.0     0.0    26.6     4.0
    84   22.00    14.6    30.6  1015.0     7.3    182     0.0     0.0    27.4     4.0
    84   23.00    13.7    32.9  1014.7     6.9    188     0.0     0.0    23.8     4.0
    84   24.00    12.4    37.1  1015.3     2.9    106     0.0     0.0    25.8     4.0
    85    1.00    13.6    65.8  1015.5     3.4    334     0.0     0.0    40.5     4.0
    85    2.00     9.5    51.7  1015.7     3.0      5     0.0     0.0    11.8     4.0
    85    3.00     9.1    51.8  1015.8     4.6     16     0.0     0.0    18.4     4.0
    85    4.00     9.1    43.5  1015.7     5.6     19     0.0     0.0    29.8     4.0
    85    5.00     8.8    38.1  1016.2     4.6     90     0.0     0.0    26.9     4.0
    85    6.00     7.5    48.1  1016.7     6.7     42     0.0     0.0    26.5     4.0
    85    7.00     7.3    52.2  1017.5     6.6     33     0.0     0.0    24.3     3.5
    85    8.00     9.0    44.8  1017.5     6.7     28     0.0     0.0    26.1     3.0
    85    9.00    11.5    34.3  1017.6     6.0     33     0.0     0.0    21.6     3.0
    85   10.00    13.0    30.2  1018.0     5.9     36     0.0     0.0    23.5     3.5
    85   11.00    14.7    24.4  1017.3     7.5     42     0.0     0.0    26.6     4.0
    85   12.00    16.5    25.0  1016.7     6.9     33     0.0     0.0    24.7     4.0
    85   13.00    17.2    25.6  1015.8     8.2    112     0.0     0.0    25.7     4.0
    85   14.00    17.8    31.5  1015.0     7.5     33     0.0     0.0    25.7     4.0
    85   15.00    18.0    38.3  1014.4     6.8     39     0.0     0.0    25.5     3.5
    85   16.00    17.9    36.8  1013.5     7.0     56     0.0     0.0    26.3     3.5
    85   17.00    17.5    48.9  1013.1     6.1     56     0.0     0.0    26.4     3.5
    85   18.00    16.4    50.1  1012.8     5.3     50     0.0     0.0    25.5     3.5
    85   19.00    14.6    56.8  1012.2     5.4    185     0.0     0.0    27.2     4.0
    85   20.00    13.5    58.3  1012.5     3.5     22     0.0     0.0    31.4     4.0
    85   21.00    12.8    53.0  1012.5     4.4     25     0.0     0.0    29.1     4.0
    85   22.00    11.8    47.4  1012.2     5.0     22     0.0     0.0    32.5     4.0
    85   23.00    11.3    50.4  1011.8     5.6     30     0.0     0.0    28.8     4.0
    85   24.00    11.0    61.4  1011.3     4.4     19     0.0     0.0    31.7     4.0
    86    1.00     9.5    48.9  1011.0     5.2     16     0.0     0.0    26.1     4.0
    86    2.00     9.0    40.2  1010.4     3.6      5     0.0     0.0    22.3     3.0
    86    3.00     7.7    46.3  1009.7     4.0     90     0.0     0.0    33.2     4.0
    86    4.00     6.7    52.4  1010.0     3.0     56     0.0     0.0    30.3     4.0
    86    5.00     5.3    59.0  1009.3     3.2      2     0.0     0.0    22.1     3.0
    86    6.00     5.8    58.7  1009.4     2.2      2     0.0     0.0    24.8     3.5
    86    7.00     6.2    54.7  1009.3     3.1     50     0.0     0.0    22.5     3.0
    86    8.00     8.2    46.8  1008.7     4.2     30     0.0     0.0    24.2     3.0
    86    9.00    10.0    40.9  1008.4     3.3     90     0.0     0.0    30.7     3.0
    86   10.00    11.1    37.2  1007.5     4.0     87     0.0     0.0    31.0     3.5
    86   11.00    13.3    37.4  1006.5     2.8     25     0.0     0.0    22.5     3.0
    86   12.00    14.9    34.3  1005.4     4.0     75     0.0     0.0    26.2     3.0
    86   13.00    16.2    31.1  1004.0     3.1     25     0.0     0.0    20.6     3.0
    86   14.00    15.4    32.2  1002.6     2.8    174     0.0     0.0    18.8     3.5
    86   15.00    17.6    38.8  1001.5     3.5     42     0.0     0.0    26.6     3.0
    86   16.00    18.0    38.0  1000.3     3.6     25     0.0     0.0    32.6     3.0
    86   17.00    18.0    37.3   999.4     3.4     22     0.0     0.0    24.9     3.5
    86   18.00    16.8    40.6   999.0     2.9     33     0.0     0.0    21.8     3.0
    86   19.00    15.3    42.1   998.8     2.4    351     0.0     0.0    23.6     4.0
    86   20.00    14.4    43.8   998.3     3.2     39     0.0     0.0    22.3     3.0
    86   21.00    13.6    44.0   997.9     3.9     42     0.0     0.0    34.1     4.0
    86   22.00    14.8    49.3   997.3     2.6    185     0.0     0.0    26.2     4.0
    86   23.00    13.1    56.8   997.5     3.4    298     0.0     0.0    29.3     4.0
    86   24.00    12.0    63.9   997.1     5.0    281     0.0     0.0    21.0     3.0
    87    1.00    11.2    42.6   996.7     4.4    281     0.0     0.0    27.9     4.0
    87    2.00    11.4    40.5   996.0     5.2    275     0.2     0.4    16.8     3.5
    87    3.00    11.0    56.3   995.7     4.8    267     0.3     0.0    26.6     4.0
    87    6.00    10.4    64.6   994.6     4.5    261     0.6     1.2    22.8     4.0
    87    7.00    10.0    69.1   995.4     7.9    244     1.4     6.0    24.8     3.5
    87    8.00     9.1    77.9   994.8     7.3    298     4.3     1.2    27.0     4.0
    87    9.00     8.9    77.2   994.9     7.9    292     5.7     2.4    25.8     4.0
    87   10.00     9.0    77.0   995.3     9.6    250     7.8     3.2    24.9     4.0
    87   11.00     9.0    80.5   995.3     8.7    261     9.7     3.5    27.0     4.0
    87   12.00     9.3    82.3   995.5     6.8    281    11.8     2.8    22.2     3.0
    87   13.00     9.4    81.8   995.6     8.2    264    13.0     1.6    26.6     4.0
    87   14.00     9.6    78.6   995.7     8.2    267    14.0     2.4    27.1     4.0
    87   15.00     9.7    68.6   995.4     7.5    258    14.7     2.4    26.1     4.0
    87   16.00     9.9    73.2   995.8     7.7    275    16.1     2.8    24.0     4.0
    87   17.00    10.1    75.8   996.5     6.8    320    17.5     3.2    24.0     3.5
    87   18.00     9.9    72.1   997.6     5.1    320    19.5     2.8    21.8     3.0
    87   19.00     9.0    79.4   998.1     3.9     39    20.0     2.4    24.5     4.0
    87   20.00     8.7    71.5   998.6     2.7    140    20.0     2.4    16.1     3.5
    87   21.00     8.3    72.4   999.7     3.8    151    20.0     2.4    43.4     4.0
    87   22.00     8.3    73.9  1000.4     3.9    196    20.0     2.4    24.5     4.0
    87   23.00     8.3    74.4  1000.7     3.8    185    20.0     2.4    31.9     4.0
    87   24.00     8.2    75.9  1000.7     2.3    129    20.0     2.4    35.7     4.0
    88    1.00     8.2    73.2  1000.8     2.5    188     0.0     0.0    14.2     3.5
    88    2.00     8.1    70.5  1001.2     2.9    286     0.0     0.0    16.9     3.5
    88    3.00     8.0    69.3  1001.4     3.4    272     0.0     0.0    21.1     3.0
    88    4.00     7.3    69.8  1001.6     5.2    323     0.0     0.0    26.2     4.0
    88    5.00     8.3    51.6  1001.7     8.2    261     0.0     0.0    24.8     4.0
    88    6.00     9.2    43.3  1001.9     9.4    255     0.0     0.0    26.6     4.0
    88    7.00     9.2    41.4  1002.2     8.4    258     0.0     0.0    27.3     3.5
    88    8.00     9.5    39.4  1002.9     8.6    258     0.0     0.0    26.0     3.5
    88    9.00    10.3    38.1  1003.7     7.9    261     0.0     0.0    26.5     3.5
    88   10.00    12.2    32.2  1004.1     7.9    267     0.0     0.0    26.9     4.0
    88   11.00    14.0    27.5  1004.6     8.8    317     0.0     0.0    24.6     4.0
    88   12.00    15.9    25.5  1004.9     8.7    281     0.0     0.0    24.7     4.0
    88   13.00    17.1    21.8  1004.9     9.0    267     0.0     0.0    26.4     4.0
    88   14.00    18.3    36.2  1004.9     8.0    264     0.0     0.0    23.8     3.5
    88   15.00    19.2    33.5  1004.5     6.7    253     0.0     0.0    25.4     3.5
    88   16.00    19.4    30.7  1004.3     7.1    258     0.0     0.0    25.0     3.5
    88   17.00    19.6    30.1  1004.2     7.0    255     0.0     0.0    25.4     3.5
    88   18.00    19.6    30.3  1004.4     5.8    247     0.0     0.0    25.3     3.5
    88   19.00    18.7    35.8  1004.7     4.3    236     0.0     0.0    21.8     3.0
    88   20.00    15.6    44.5  1005.1     4.5    236     0.0     0.0    22.5     3.0
    88   21.00    14.7    40.1  1005.7     5.3    239     0.0     0.0    24.6     4.0
    88   22.00    11.5    55.1  1006.4     5.5    241     0.0     0.0    32.9     4.0
    88   23.00    11.7    49.0  1006.7     6.2    241     0.0     0.0    37.3     4.0
    88   24.00     9.7    54.8  1007.0     2.7    188     0.0     0.0    24.6     4.0
    89    1.00     9.5    53.9  1007.3     2.9    182     0.0     0.0    33.2     4.0
    89    2.00     8.7    58.0  1007.4     3.7    199     0.0     0.0    23.9     4.0
    89    3.00     7.7    60.8  1007.4     3.2    171     0.0     0.0    39.9     4.0
    89    4.00     7.2    62.4  1007.3     3.5    219     0.0     0.0    21.5     3.0
    89    5.00     7.0    61.3  1006.8     2.6    157     0.0     0.0    21.8     3.0
    89    6.00     6.3    62.1  1007.0     2.5    194     0.0     0.0    10.8     4.0
    89    7.00     5.6    64.9  1007.1     2.3    157     0.0     0.0    32.6     3.0
    89    8.00     6.4    61.5  1007.3     2.3    160     0.0     0.0    19.0     3.0
    89    9.00    10.5    52.3  1007.3     1.0    219     0.0     0.0    25.5     2.0
    89   10.00    13.7    48.1  1007.1     1.4      0     0.0     0.0    23.4     3.0
    89   11.00    15.1    42.2  1007.1     2.7     22     0.0     0.0    30.8     3.0
    89   12.00    17.6    40.7  1006.8     2.7      2     0.0     0.0    20.1     3.0
    89   13.00    19.6    38.0  1006.1     3.0     47     0.0     0.0    31.7     3.0
    89   14.00    21.3    32.6  1005.1     3.1     59     0.0     0.0    23.7     3.0
    89   15.00    21.7    30.4  1004.3     4.3     98     0.0     0.0    22.7     3.5
    89   16.00    21.6    31.4  1003.3     5.4     47     0.0     0.0    22.5     3.5
    89   17.00    21.9    27.1  1002.2     6.0     53     0.0     0.0    26.6     3.5
    89   18.00    21.6    32.0  1001.7     5.4     53     0.0     0.0    26.4     3.5
    89   19.00    20.0    33.2  1001.5     4.6     59     0.0     0.0    25.7     4.0
    89   20.00    17.7    34.9  1001.3     4.0     53     0.0     0.0    26.3     4.0
    89   21.00    17.4    33.9  1001.4     4.3     53     0.0     0.0    24.5     4.0
    89   22.00    15.7    36.5  1001.6     4.0    115     0.0     0.0    38.4     4.0
    89   23.00    14.9    39.7  1001.4     3.2    163     0.0     0.0    20.7     3.0
    89   24.00    13.8    42.2  1001.2     3.3     75     0.0     0.0    34.1     4.0
    90    1.00    12.9    44.3  1001.1     2.9     87     0.0     0.0    27.5     4.0
    90    2.00    11.5    49.1  1000.7     3.0     61     0.0     0.0    29.4     4.0
    90    3.00    11.0    58.2   999.9     3.1      5     0.0     0.0    22.4     3.0
    90    4.00    10.4    63.9   999.2     3.9    337     0.0     0.0     9.2     4.0
    90    5.00    10.1    62.8   998.9     4.2      5     0.0     0.0    24.3     4.0
    90    6.00    10.6    64.4   999.6     4.3    312     0.0     0.0    31.1     4.0
    90    7.00    10.1    72.4  1000.8     2.6    354     0.1     1.2    27.5     2.5
    90    8.00     9.6    78.2  1001.6     3.7    272     1.1     2.0    24.2     3.0
    90    9.00     9.6    82.7  1001.2     2.6    354     1.8     0.8    26.5     3.0
    90   10.00     9.9    82.0  1001.4     1.7    337     2.1     0.8    20.4     3.0
    90   11.00    10.7    85.7  1000.1     3.6     36     3.3     0.0    31.1     3.0
    90   12.00    13.6    74.4  1000.2     2.3      2     3.3     0.0    26.0     3.0
    90   13.00    14.0    69.6  1000.0     4.0     33     3.3     0.0    20.7     3.0
    90   14.00    15.1    66.4   999.6     4.3     28     3.3     0.0    21.6     3.0
    90   15.00    16.2    61.9   999.0     3.6      5     3.3     0.0    24.1     3.5
    90   16.00    18.0    55.9   998.4     3.5     56     3.3     0.0    29.6     3.0
    90   17.00    18.7    50.7   997.9     3.7     53     3.3     0.0    25.3     3.5
    90   18.00    17.4    56.9   997.3     4.3     47     3.3     0.0    26.3     3.5
    90   19.00    17.0    58.6   997.6     3.6    182     3.3     0.0    26.6     4.0
    90   20.00    15.6    66.8   997.6     4.2     42     3.3     0.0    28.1     4.0
    90   21.00    15.1    68.2   997.9     4.1     56     3.3     0.0    31.3     4.0
    90   22.00    13.8    75.9   998.4     5.5     47     4.1     0.4    25.1     4.0
    90   23.00    12.9    70.5  1000.1     4.9    343     4.6     6.0    20.4     3.0
    90   24.00    12.4    75.3  1001.3     3.8    163     7.6     5.2     5.9     4.0
