   day   time   temp    humid  presur    wind   wdir    rain    int     skow     pasq

   152   10.00    12.4    75.8   997.2     6.8    236     5.1     1.2    22.8     3.0
   152   12.00    13.1    69.6   997.6     1.0     73     6.8     2.0    54.2     1.0
   152   13.00    14.6    67.6   997.5     1.1    250     6.9     0.0    65.0     1.0
   152   17.00    16.0    62.7   998.0     3.3    140     4.5     0.0    22.7     2.0
   152   18.00    15.9    61.3   997.9     3.2    146     4.5     0.0    40.5     2.0
   152   19.00    15.4    64.9   998.3     3.6    140     4.5     0.0    44.4     2.0
   152   20.00    14.9    69.6   998.5     3.2    146     4.5     0.0    20.6     6.0
   152   21.00    14.2    74.3   998.7     3.5    149     4.5     0.0    66.6     6.0
   152   22.00    13.5    76.9   999.2     3.4    149     4.5     0.0    26.1     6.0
   152   23.00    12.7    78.3   999.3     4.0    129     4.5     0.0    25.9     6.0
   152   24.00    12.2    79.8   999.0     3.0    140     4.5     0.0    46.6     6.0
   153    1.01    11.9    81.1   998.7     2.1    315     0.0     0.0    49.4     6.0
   153    2.00    11.4    82.9   998.7     2.2    191     0.0     0.0    59.9     6.0
   153    3.00    11.4    83.3   998.8     4.1    196     0.0     0.0    63.4     5.0
   153    4.00    11.1    82.6   998.8     1.6    149     0.0     0.0    49.2     6.0
   153    5.00    11.0    84.2   998.8     1.9    177     0.0     0.0    42.0     2.0
   153    6.00    10.7    84.0   998.9     3.4    157     0.0     0.0    53.7     2.0
   153   10.00    19.7    44.7   998.3     3.8    213     0.0     0.0    36.7     2.0
   153   11.00    20.9    41.2   998.0     5.3    210     0.0     0.0    53.1     2.0
   153   12.00    20.9    40.0   998.0     4.9    213     0.0     0.0    30.3     3.0
   153   13.00    21.7    40.9   998.4     5.1    213     0.0     0.0    34.5     2.0
   153   14.00    21.0    39.8   998.5     5.5    230     0.0     0.0    40.0     3.0
   153   15.00    21.5    39.7   998.1     5.0    278     0.0     0.0    51.7     3.0
   153   16.00    22.6    38.9   998.0     4.8    357     0.0     0.0    38.5     3.0
   153   17.00    22.8    38.1   998.0     2.7    295     0.0     0.0    54.4     1.0
   153   18.00    22.8    39.5   998.2     3.5    315     0.0     0.0    46.5     2.0
   153   19.00    20.7    42.5   998.7     2.6    253     0.0     0.0    46.2     2.0
   153   20.00    20.4    48.3   999.2     1.0    177     0.0     0.0    30.9     6.0
   153   21.00    19.0    56.9   999.6     2.6    216     0.0     0.0    38.4     6.0
   153   22.00    17.3    67.1   999.8     3.6    196     0.0     0.0    50.9     5.0
   153   23.00    15.9    71.9  1000.2     3.3    345     0.0     0.0    32.7     6.0
   153   24.00    15.5    73.8  1000.3     2.6    334     0.0     0.0    47.5     6.0
   154    1.00    15.6    75.4  1000.3     1.0    227     0.0     0.0    58.1     6.0
   154    2.00    15.1    77.0  1000.0     2.9    348     0.0     0.0    16.7     6.0
   154    9.00    18.0    64.0  1001.5     1.9    191     0.0     0.0    64.1     3.0
   154   10.00    20.2    55.2  1001.3     2.0    275     0.0     0.0    43.5     1.0
   154   11.00    21.5    49.0  1000.9     1.9    337     0.0     0.0    51.0     2.0
   154   12.00    22.5    45.0  1001.2     2.5    312     0.0     0.0    42.3     1.0
   154   13.00    23.6    43.7  1001.1     3.3    303     0.0     0.0    62.9     2.0
   154   14.00    23.7    44.4  1000.9     1.8    289     0.0     0.0    27.9     2.0
   154   15.00    24.9    43.6  1000.6     3.1    357     0.0     0.0    25.6     3.0
   154   16.00    26.0    41.2  1000.7     2.6     30     0.0     0.0    58.1     2.0
   154   17.00    24.6    46.5  1000.4     2.6    165     0.0     0.0    42.7     1.0
   154   18.00    26.3    40.7  1000.4     1.5    104     0.0     0.0     8.6     3.0
   154   19.00    24.6    43.7  1000.4     1.8    132     0.0     0.0    42.8     3.0
   154   20.00    21.8    45.1  1000.9     1.5    230     0.0     0.0    38.0     5.0
   154   21.00    20.0    53.1  1001.5     2.7    132     0.0     0.0    37.5     6.0
   154   22.00    19.3    62.0  1002.7     6.6    132     0.0     0.0    48.7     5.0
   154   23.00    17.8    70.9  1003.0     4.8    340     0.5     0.0    22.4     5.0
   154   24.00    16.7    74.6  1003.2     3.9    298     0.5     0.0    31.2     5.0
   155    1.00    16.0    79.7  1003.2     1.7    210     0.0     0.0    20.8     6.0
   155    2.00    15.4    80.9  1003.1     3.4    185     0.0     0.0    24.4     6.0
   155    3.00    15.1    82.9  1003.0     2.5    188     0.0     0.0    67.6     6.0
   155   11.00    21.8    50.4  1004.6     2.6    334     0.0     0.0    43.1     3.0
   155   12.00    23.3    48.1  1004.7     3.7    357     0.0     0.0    11.5     3.0
   155   13.00    23.9    45.7  1004.6     2.0    196     0.0     0.0    38.0     3.0
   155   14.00    25.4    44.4  1004.2     2.9    357     0.0     0.0    24.9     3.0
   155   15.00    25.5    42.5  1004.1     4.0    210     0.0     0.0    14.9     3.0
   155   16.00    25.8    42.2  1003.9     3.8    275     0.0     0.0    44.0     2.0
   155   17.00    27.0    40.7  1003.6     3.7    275     0.0     0.0    59.4     2.0
   155   18.00    26.4    39.1  1003.8     3.8     30     0.0     0.0    51.3     3.0
   155   19.00    26.8    39.9  1004.1     2.2    241     0.0     0.0    39.7     3.0
   155   21.00    22.9    59.8  1005.2     3.0    343     0.0     0.0    25.5     4.0
   155   22.00    21.7    53.4  1006.1     2.9    345     0.0     0.0     9.4     4.0
   155   23.00    21.1    58.7  1006.8     3.9    348     0.0     0.0     4.1     4.0
   155   24.00    19.9    53.2  1007.2     5.2    272     0.0     0.0    18.8     4.0
   156    1.00    18.4    55.4  1007.5     5.4    219     0.0     0.0    25.6     3.0
   156    5.00    15.2    73.5  1008.2     3.6    216     0.0     0.0    35.8     2.0
   156    6.01    15.3    74.3  1008.4     4.2    210     0.0     0.0    40.1     2.0
   156    9.01    20.6    56.6  1008.7     4.2    191     0.0     0.0    50.3     4.0
   156   10.00    22.0    54.2  1008.7     4.9    270     0.0     0.0    43.9     3.0
   156   11.00    23.1    51.2  1008.6     3.7    225     0.0     0.0    44.6     3.0
   156   12.00    24.5    48.6  1008.7     3.9    343     0.0     0.0    45.1     3.0
   156   13.00    24.6    47.6  1008.7     3.9    317     0.0     0.0    47.2     3.0
   156   14.00    25.4    43.4  1008.4     2.1      5     0.0     0.0    49.0     3.0
   156   15.00    25.2    45.4  1007.9     3.5    298     0.0     0.0    47.3     3.0
   156   16.00    26.3    41.5  1007.5     2.6      2     0.0     0.0    39.0     2.0
   156   17.00    27.0    39.3  1007.2     1.8     11     0.0     0.0    57.9     3.0
   156   18.00    27.2    41.6  1007.1     2.6     98     0.0     0.0    72.5     2.0
   156   19.00    26.6    41.3  1007.1     1.1    182     0.0     0.0    51.9     3.0
   156   20.00    25.3    45.9  1007.6     1.4    180     0.0     0.0    46.0     6.0
   156   21.00    22.2    57.6  1008.3     4.4    120     0.0     0.0    40.3     5.0
   156   22.00    20.4    68.9  1009.2     5.7    118     0.0     0.0    41.4     5.0
   156   23.00    19.8    77.5  1009.5     3.0    157     3.0     0.0    43.3     6.0
   156   24.00    19.8    76.3  1010.1     3.0     28     3.0     0.0    54.3     5.0
   157    9.00    19.8    56.4  1011.6     1.7    348     0.6     0.0    54.2     2.0
   157   10.00    21.9    46.9  1011.5     2.9     30     0.6     0.0    60.0     2.0
   157   11.00    21.8    43.7  1011.5     2.9     33     0.6     0.0    41.8     3.0
   157   12.00    22.9    41.8  1011.2     2.6     28     0.6     0.0    44.3     2.0
   157   13.00    24.5    38.8  1010.7     2.7     30     0.6     0.0    50.7     1.0
   157   14.00    25.1    38.1  1010.2     2.4    165     0.6     0.0    46.2     1.0
   157   15.00    24.6    37.4  1009.7     2.4     11     0.6     0.0    42.2     1.0
   157   16.00    27.2    34.6  1009.2     1.6    236     0.6     0.0    48.8     1.0
   157   17.00    26.1    36.5  1008.8     1.8     16     0.6     0.0    61.4     1.0
   157   18.00    26.1    35.4  1008.5     1.7    348     0.6     0.0    51.8     1.0
   157   19.00    26.1    35.1  1008.1     1.0    165     0.6     0.0    56.3     1.0
   157   20.00    25.1    36.2  1008.1     1.0    241     0.6     0.0    42.5     6.0
   157   21.00    21.9    47.0  1008.2     1.0    239     0.6     0.0    36.7     5.0
   157   22.00    20.1    53.8  1008.6     3.1    278     0.6     0.0    40.8     6.0
   157   23.00    18.1    63.8  1008.9     2.7    281     0.6     0.0    61.4     5.0
   157   24.00    16.8    71.3  1008.7     1.0    160     0.6     0.0    39.4     5.0
   158    1.00    16.1    75.3  1008.5     1.1    357     0.0     0.0    36.5     5.0
   158    2.00    15.4    77.9  1008.3     2.6    174     0.0     0.0    63.3     5.0
   158    3.00    14.6    80.1  1008.1     2.6    160     0.0     0.0    63.2     6.0
   158    4.00    14.5    80.5  1007.9     1.0    163     0.0     0.0    51.9     5.0
   158    5.01    13.6    81.9  1007.3     0.7      2     0.0     0.0    36.3     1.0
   158    8.01    17.0    69.9  1007.2     1.9    163     0.0     0.0    43.1     3.0
   158    9.00    19.7    61.3  1007.4     1.4    154     0.0     0.0    68.8     1.0
   158   10.00    22.2    49.0  1006.8     1.4    163     0.0     0.0    69.0     1.0
   158   11.00    24.8    44.1  1006.4     1.4    219     0.0     0.0    64.1     1.0
   158   12.00    26.5    37.4  1005.7     1.8    213     0.0     0.0    65.7     1.0
   158   13.01    27.8    34.2  1009.2     3.2    250     0.0     0.0    46.2     2.0
   158   14.00    28.3    38.1  1007.9     2.5     30     0.0     0.0    47.0     2.0
   158   15.00    28.3    36.2  1007.2     2.9    151     0.0     0.0    25.8     2.0
   158   16.00    28.7    35.8  1006.7     1.9    306     0.0     0.0    45.2     2.0
   158   17.00    29.0    32.7  1006.3     2.2     36     0.0     0.0     9.0     3.0
   158   18.00    28.4    27.5  1006.2     2.6    199     0.0     0.0    20.5     3.0
   158   19.00    28.5    34.6  1006.3     1.3     56     0.0     0.0    40.3     3.0
   158   20.00    27.2    35.6  1006.8     1.9     28     0.0     0.0    11.5     5.0
   158   21.00    24.1    41.1  1007.3     1.0      8     0.0     0.0     0.2     6.0
   158   22.00    21.5    57.0  1008.4     1.0     19     0.0     0.0    20.8     6.0
   158   23.00    20.2    60.8  1009.0     2.5    213     0.0     0.0    40.1     6.0
   158   24.00    20.0    57.5  1009.1     2.7    168     0.0     0.0    58.2     6.0
   159    1.00    18.3    65.9  1009.2     3.6    194     0.0     0.0    46.3     6.0
   159    2.00    17.5    68.7  1009.3     2.8    143     0.0     0.0    40.7     6.0
   159    3.00    17.3    66.3  1009.3     3.2    194     0.0     0.0    36.3     6.0
   159    4.00    15.5    74.9  1009.2     3.0    168     0.0     0.0    22.5     6.0
   159    5.00    15.5    73.2  1009.3     3.9    194     0.0     0.0    21.2     3.0
   159    6.00    15.0    75.6  1010.0     2.7    343     0.0     0.0    49.6     3.0
   159    7.00    17.2    68.9  1010.0     1.7    345     0.0     0.0    23.3     3.0
   159    8.00    18.9    59.6  1009.6     1.0    208     0.0     0.0    57.3     3.0
   159    9.00    22.4    50.1  1009.0     1.0    146     0.0     0.0    29.1     3.0
   159   10.00    25.7    44.5  1008.3     1.0    230     0.0     0.0    39.2     1.0
   159   11.00    27.7    35.3  1007.7     1.0    109     0.0     0.0    68.0     3.0
   159   12.00    29.9    33.1  1007.5     3.1    210     0.0     0.0    37.9     3.0
   159   13.00    30.6    35.2  1007.1     2.9    205     0.0     0.0    43.8     3.0
   159   14.00    31.0    32.9  1006.6     2.2    309     0.0     0.0    48.7     3.0
   159   15.00    31.1    30.0  1006.0     2.7     22     0.0     0.0    41.5     3.0
   159   16.00    31.0    33.0  1005.7     2.6    345     0.0     0.0     4.4     4.0
   159   17.00    30.8    32.8  1005.3     2.2    317     0.0     0.0    57.9     3.0
   159   18.00    30.7    33.8  1005.0     2.0    194     0.0     0.0    23.8     3.0
   159   19.00    30.3    34.0  1005.0     1.2      0     0.0     0.0    47.6     3.0
   159   20.00    29.4    35.8  1005.7     2.1    345     0.0     0.0     9.9     5.0
   159   21.00    25.6    49.0  1006.7     2.0     11     0.0     0.0     0.2     6.0
   159   22.00    23.4    55.6  1008.1     1.0    348     0.0     0.0     0.2     6.0
   159   23.00    21.8    58.8  1008.7     1.9    289     0.0     0.0    55.0     6.0
   159   24.00    20.8    65.8  1009.2     1.9    174     0.0     0.0    20.0     6.0
   160    1.00    20.2    68.4  1009.2     1.7     25     0.0     0.0    17.1     6.0
   160    2.00    19.5    69.3  1009.4     2.6    196     0.0     0.0    44.0     6.0
   160    3.00    18.4    72.7  1009.3     3.0    168     0.0     0.0    66.2     6.0
   160    4.00    18.3    74.5  1009.4     2.9    188     0.0     0.0    46.2     5.0
   160    5.00    17.9    77.1  1009.8     1.9    323     0.0     0.0    35.5     3.0
   160    6.00    17.3    78.3  1010.3     1.9    171     0.0     0.0    47.4     3.0
   160    7.00    19.1    70.2  1010.5     1.0    157     0.0     0.0    47.6     3.0
   160    8.00    21.2    64.4  1010.2     1.0    126     0.0     0.0    44.4     3.0
   160    9.00    24.8    56.9  1009.8     2.0    289     0.0     0.0    74.0     2.0
   160   10.00    26.9    51.2  1009.4     1.8    351     0.0     0.0    44.2     2.0
   160   11.00    27.5    50.5  1009.2     3.3    323     0.0     0.0     8.4     3.0
   160   12.00    29.5    46.8  1009.2     3.3     11     0.0     0.0     5.6     4.0
   160   13.00    28.9    42.6  1009.2     4.5     42     0.0     0.0    51.5     3.0
   160   14.00    30.4    39.4  1008.9     4.3    101     0.0     0.0    46.5     3.0
   160   15.00    29.7    38.6  1008.3     3.6     47     0.0     0.0    49.8     3.0
   160   16.00    30.7    36.0  1008.0     3.2     59     0.0     0.0    59.4     3.0
   160   17.00    30.1    38.0  1007.6     3.7     59     0.0     0.0    49.8     3.0
   160   18.00    29.8    39.9  1007.6     2.5    177     0.0     0.0    55.5     3.0
   160   19.00    27.9    48.4  1008.4     4.2    112     0.0     0.0    36.4     3.0
   160   20.00    26.1    45.7  1008.8     3.4    171     0.0     0.0    25.8     5.0
   160   21.00    24.7    54.5  1009.7     4.0    165     0.0     0.0    46.9     6.0
   160   22.00    22.9    65.8  1010.8     4.1    149     0.0     0.0    24.1     6.0
   160   23.00    21.6    66.2  1011.6     3.4    151     0.0     0.0    26.7     5.0
   160   24.00    21.3    65.8  1011.9     3.7    126     0.0     0.0    45.7     6.0
   161    1.00    20.5    67.0  1012.0     2.6    151     0.0     0.0    62.8     6.0
   161    2.00    19.9    70.7  1012.0     2.8    165     0.0     0.0    46.7     6.0
   161    3.00    19.0    74.4  1012.1     1.2    323     0.0     0.0    57.0     6.0
   161    4.00    18.5    77.2  1012.5     1.0    104     0.0     0.0    23.5     6.0
   161    5.00    18.2    78.6  1012.7     2.0    146     0.0     0.0    23.8     3.0
   161    6.00    18.2    78.3  1013.1     2.1    151     0.0     0.0    58.0     3.0
   161    7.00    19.2    73.3  1013.4     1.9     16     0.0     0.0    25.8     3.0
   161    8.00    21.4    67.5  1013.2     2.4    137     0.0     0.0    38.8     3.0
   161    9.00    24.9    57.4  1012.7     2.6    171     0.0     0.0    52.0     3.0
   161   10.00    27.5    48.4  1012.0     2.4    137     0.0     0.0    44.0     3.0
   161   11.00    29.7    42.5  1011.2     2.4    149     0.0     0.0    52.2     3.0
   161   12.00    30.5    41.0  1010.8     3.2     92     0.0     0.0    53.4     2.0
   161   13.00    31.5    35.9  1010.5     3.0     59     0.0     0.0    22.4     3.0
   161   14.00    32.6    33.5  1010.1     3.1     33     0.0     0.0    23.0     3.0
   161   15.00    33.0    32.4  1009.6     2.8     39     0.0     0.0    40.4     2.0
   161   16.00    34.2    29.2  1009.2     3.0     39     0.0     0.0    44.0     3.0
   161   17.00    33.3    32.6  1008.6     1.5    191     0.0     0.0    50.0     3.0
   161   18.00    33.8    33.8  1008.3     2.1    126     0.0     0.0    42.8     3.0
   161   19.00    31.8    36.0  1008.5     1.9     56     0.0     0.0    31.3     3.0
   161   20.00    29.8    43.4  1009.2     2.6     50     0.0     0.0    50.7     6.0
   161   21.00    27.8    44.4  1009.8     2.6    118     0.0     0.0    61.6     6.0
   161   22.00    26.0    52.3  1010.8     2.5    151     0.0     0.0    51.0     6.0
   161   23.00    25.2    47.2  1011.6     2.3    123     0.0     0.0    57.5     6.0
   161   24.00    24.0    51.1  1011.8     2.7    149     0.0     0.0    43.2     6.0
   162    1.00    21.6    64.8  1011.7     3.1    149     0.0     0.0    69.4     6.0
   162    2.00    21.8    64.2  1011.7     3.6    171     0.0     0.0    44.5     6.0
   162    3.00    20.4    70.0  1011.9     3.5    188     0.0     0.0    26.1     6.0
   162    4.00    19.5    74.0  1011.8     4.0    168     0.0     0.0    45.0     5.0
   162    5.00    19.0    75.0  1011.9     2.9    194     0.0     0.0    65.8     3.0
   162    6.00    18.9    74.6  1012.3     2.0    216     0.0     0.0    33.4     3.0
   162    7.00    19.9    69.9  1012.5     2.0    146     0.0     0.0    40.2     3.0
   162    8.00    23.1    59.9  1011.9     1.0    196     0.0     0.0    29.0     3.0
   162    9.00    26.6    52.0  1011.4     1.0    118     0.0     0.0    21.2     3.0
   162   10.00    29.3    42.7  1010.6     1.0     78     0.0     0.0    35.3     2.0
   162   11.00    30.8    37.0  1010.0     1.4     59     0.0     0.0    35.7     3.0
   162   12.00    33.1    34.6  1009.5     1.0    272     0.0     0.0    61.5     2.0
   162   13.00    33.0    38.8  1008.8     2.6     59     0.0     0.0    23.5     3.0
   162   14.00    34.4    34.8  1008.5     2.9     90     0.0     0.0    39.5     3.0
   162   15.00    34.9    30.9  1007.7     3.2     11     0.0     0.0    27.3     2.0
   162   16.00    34.4    33.7  1007.1     2.7    357     0.0     0.0    42.7     3.0
   162   17.00    34.0    35.3  1006.4     3.4    115     0.0     0.0    39.3     3.0
   162   18.00    33.7    35.7  1006.1     2.9    115     0.0     0.0    48.5     3.0
   162   19.00    33.3    34.4  1006.2     2.9    109     0.0     0.0    42.0     3.0
   162   20.00    32.3    36.2  1006.7     2.4    106     0.0     0.0    38.1     6.0
   162   21.00    28.5    43.5  1007.4     2.7     92     0.0     0.0    70.8     6.0
   162   22.00    27.0    51.2  1008.4     2.9    126     0.0     0.0    23.8     6.0
   162   23.00    25.7    55.7  1009.1     2.6    129     0.0     0.0    57.7     6.0
   162   24.00    24.9    57.5  1009.1     2.8    171     0.0     0.0    63.2     6.0
   163    1.00    23.6    63.0  1009.2     3.7    149     0.0     0.0    24.4     5.0
   163    2.00    23.0    63.4  1009.1     3.7    177     0.0     0.0    22.1     5.0
   163    3.00    21.8    68.2  1008.9     3.9    157     0.0     0.0    22.8     6.0
   163    4.00    20.9    71.2  1008.7     3.8    191     0.0     0.0    25.1     6.0
   163    5.00    20.5    72.6  1008.7     2.3    180     0.0     0.0    22.3     3.0
   163    6.00    19.6    77.2  1009.0     1.0    146     0.0     0.0    43.0     3.0
   163    7.00    21.7    70.3  1009.0     1.0    194     0.0     0.0    25.2     3.0
   163    8.00    23.6    65.8  1009.0     2.1    295     0.0     0.0    61.9     3.0
   163    9.00    25.8    60.5  1008.5     1.7    323     0.0     0.0    41.2     3.0
   163   10.00    27.7    52.8  1007.9     2.1     28     0.0     0.0    51.3     2.0
   163   11.00    30.3    49.7  1006.9     3.5     92     0.0     0.0    54.5     3.0
   163   12.00    32.8    45.1  1006.5     2.7    216     0.0     0.0    61.8     2.0
   163   13.00    33.8    39.0  1005.9     2.9    137     0.0     0.0    73.5     3.0
   163   14.00    34.7    33.3  1005.5     2.2    185     0.0     0.0    48.0     3.0
   163   15.00    36.6    30.1  1004.8     2.3     59     0.0     0.0    38.1     3.0
   163   16.00    36.5    30.8  1003.9     1.2     61     0.0     0.0    45.4     3.0
   163   17.00    35.2    32.8  1003.5     2.1     22     0.0     0.0    23.8     3.0
   163   18.00    34.8    30.4  1003.5     2.3      8     0.0     0.0    63.7     3.0
   163   19.00    34.5    35.5  1003.6     2.2    351     0.0     0.0    44.4     3.0
   163   20.00    32.6    37.5  1003.9     1.0     22     0.0     0.0    23.1     6.0
   163   21.00    29.5    55.3  1004.8     1.0    345     0.0     0.0    61.3     6.0
   163   22.00    27.0    49.4  1005.8     3.5     45     0.0     0.0    22.6     6.0
   163   23.00    26.9    52.1  1006.1     4.0     98     0.0     0.0    57.3     6.0
   163   24.00    26.7    54.1  1006.2     2.6    126     0.0     0.0    37.6     6.0
   164    1.00    25.6    56.9  1006.4     2.4    129     0.0     0.0    20.2     6.0
   164    2.00    23.9    64.8  1006.5     2.3    146     0.0     0.0    48.3     6.0
   164    3.00    23.4    65.5  1006.6     2.6    129     0.0     0.0    24.1     6.0
   164    4.00    22.0    73.0  1006.6     3.2    126     0.0     0.0    61.3     6.0
   164    5.00    21.2    75.8  1006.8     1.0    216     0.0     0.0    53.9     3.0
   164    6.00    21.0    78.5  1006.9     2.2    129     0.0     0.0    48.1     3.0
   164    7.00    22.1    76.0  1007.2     1.0    149     0.0     0.0    45.2     3.0
   164    8.00    23.9    68.5  1007.1     1.0     75     0.0     0.0    74.3     3.0
   164    9.00    27.5    57.0  1006.7     1.6    354     0.0     0.0    54.6     2.0
   164   10.00    29.3    48.8  1005.9     1.8     87     0.0     0.0    34.5     3.0
   164   11.00    32.3    44.6  1005.2     1.7     39     0.0     0.0    41.2     3.0
   164   12.00    33.0    44.9  1005.0     2.3    326     0.0     0.0    22.5     3.0
   164   13.00    33.4    41.7  1004.6     2.7    205     0.0     0.0    50.7     3.0
   164   14.00    35.4    35.1  1004.4     2.2      2     0.0     0.0    66.4     3.0
   164   15.00    36.0    29.1  1003.6     2.5    191     0.0     0.0    24.4     3.0
   164   16.00    36.2    31.0  1003.2     2.9    345     0.0     0.0    22.5     3.0
   164   17.00    36.4    28.5  1002.9     2.5    334     0.0     0.0    58.1     3.0
   164   18.00    35.3    34.4  1002.7     2.5    306     0.0     0.0    24.3     3.0
   164   19.00    35.8    31.2  1002.7     1.0     14     0.0     0.0     0.2     4.0
   164   20.00    33.5    35.8  1003.5     1.0    126     0.0     0.0     0.2     6.0
   164   21.00    30.4    50.5  1004.3     1.8     59     0.0     0.0     0.2     6.0
   164   22.00    28.0    55.2  1005.2     3.1    104     0.0     0.0    27.7     6.0
   164   23.00    27.3    50.1  1006.0     2.4    129     0.0     0.0    21.9     6.0
   164   24.00    27.3    50.0  1006.5     1.8    168     0.0     0.0    52.5     6.0
   165    1.00    26.7    51.8  1006.7     2.9    120     0.0     0.0    37.0     6.0
   165    2.00    25.9    54.1  1006.4     2.6    126     0.0     0.0    36.6     6.0
   165    3.00    24.9    59.9  1006.3     2.6    146     0.0     0.0    44.1     6.0
   165    4.00    24.0    66.8  1006.5     1.0    129     0.0     0.0    32.7     6.0
   165    5.00    22.2    76.5  1007.0     3.2     33     0.0     0.0    55.5     3.0
   165    6.00    22.6    78.1  1006.8     2.8     14     0.0     0.0    43.4     3.0
   165    7.00    24.4    70.8  1007.3     3.0    348     0.0     0.0    54.8     3.0
   165    8.00    25.8    67.2  1007.6     2.1    357     0.0     0.0    52.0     3.0
   165    9.00    28.3    57.6  1006.9     3.4      8     0.0     0.0    11.3     4.0
   165   10.00    30.3    50.1  1006.1     4.8     28     0.0     0.0    51.9     3.0
   165   11.00    31.0    48.4  1005.6     6.7     56     0.0     0.0    39.8     4.0
   165   12.00    32.0    44.0  1005.7     7.9     59     0.0     0.0    41.3     4.0
   165   13.00    33.1    40.1  1005.7     5.2     61     0.0     0.0    36.3     3.0
   165   14.00    34.0    38.5  1004.9     5.6    213     0.0     0.0    40.9     4.0
   165   15.00    35.6    35.1  1004.3     4.1     84     0.0     0.0    26.6     3.0
   165   16.00    34.7    36.1  1003.4     6.5     59     0.0     0.0    55.6     4.0
   165   17.00    34.7    39.1  1002.9     4.6     56     0.0     0.0    47.4     3.0
   165   18.00    34.7    39.9  1003.3     3.6     56     0.0     0.0     8.1     4.0
   165   19.00    33.5    43.9  1002.8     3.1     19     0.0     0.0    10.6     4.0
   165   20.00    31.8    43.9  1004.2     2.8     53     0.0     0.0    37.5     6.0
   165   21.00    30.4    50.9  1005.0     2.1      0     0.0     0.0    45.4     6.0
   165   22.00    29.2    49.2  1006.2     3.5    151     0.0     0.0    21.8     5.0
   165   23.00    26.3    70.5  1006.1     2.9     56     0.7     2.0     0.2     5.0
   165   24.00    24.4    68.9  1008.9    12.5     22     3.3    23.4    11.1     4.0
   166    1.00    24.7    66.3  1008.7     5.9    340     1.3    14.8    63.2     4.0
   166    2.00    24.1    68.8  1008.5     3.9     16     1.5     0.0    24.0     6.0
   166    3.00    24.3    71.9  1009.4     3.1     39     1.5     0.0    31.2     5.0
   166    4.00    23.1    78.5  1010.4     5.9    343     1.5     0.0    62.9     5.0
   166    5.00    22.5    82.5  1010.6     3.4    236     1.5     0.0    54.5     3.0
   166    6.00    22.2    83.0  1010.5     3.9     14     1.5     0.0    22.2     3.0
   166    7.00    23.5    81.0  1011.4     2.2    326     1.5     0.0    41.3     3.0
   166    8.00    25.7    68.8  1011.0     2.6    292     1.5     0.0    43.5     3.0
   166    9.00    27.1    63.5  1010.7     2.6    286     1.5     0.0    10.6     4.0
   166   10.00    28.8    57.5  1009.9     2.1    334     1.5     0.0    33.2     3.0
   166   11.00    32.0    47.3  1009.5     1.5    284     1.5     0.0    21.7     3.0
   166   12.00    33.4    43.3  1009.1     2.5      2     1.5     0.0    43.8     3.0
   166   13.00    33.2    47.5  1008.8     3.2    354     1.5     0.0    29.4     3.0
   166   14.00    33.3    44.8  1008.9     3.3     11     1.5     0.0     9.7     4.0
   166   15.00    34.0    41.7  1008.3     3.4    323     1.5     0.0     8.8     4.0
   166   16.00    33.9    41.8  1007.6     3.0    303     1.5     0.0    12.0     4.0
   166   17.00    35.0    36.4  1007.6     2.3    272     1.5     0.0     9.2     4.0
   166   18.00    34.4    38.2  1007.2     2.1     19     1.5     0.0     4.8     4.0
   166   19.00    34.6    41.9  1007.7     1.0     53     1.5     0.0    27.9     3.0
   166   20.00    33.8    41.8  1007.8     1.0     36     1.5     0.0    51.6     6.0
   166   21.00    29.9    50.3  1009.3     4.5    177     1.5     0.0    42.5     5.0
   166   22.00    27.1    53.2  1009.8     2.6    236     1.5     0.0    54.1     6.0
   166   23.00    26.2    50.7  1009.9     2.4    165     1.5     0.0    68.8     6.0
   166   24.00    24.8    60.1  1010.2     3.3    315     1.5     0.0    36.5     6.0
   167    1.00    24.8    57.5  1010.5     1.4    101     0.0     0.0    37.2     6.0
   167    2.00    23.8    64.9  1011.0     2.8    149     0.0     0.0    23.9     6.0
   167    3.00    23.5    68.5  1010.9     3.5    132     0.0     0.0    41.8     6.0
   167    4.00    22.9    72.5  1010.5     3.8    168     0.0     0.0    23.9     6.0
   167    5.00    22.4    75.9  1010.7     1.7    213     0.0     0.0    46.4     3.0
   167    6.00    22.9    72.2  1010.7     2.5     95     0.0     0.0    51.0     3.0
   167    7.00    24.3    65.6  1010.9     1.9     14     0.0     0.0    21.8     3.0
   167    8.00    25.4    66.4  1010.3     4.0     28     0.0     0.0    52.9     3.0
   167    9.00    25.7    65.8  1009.5     5.9     36     0.0     0.0    57.1     3.0
   167   11.00    26.5    60.1  1009.5     3.9    109     0.0     0.0    49.7     3.0
   167   12.00    28.5    55.9  1009.3     4.7     47     0.0     0.0    23.8     3.0
   167   13.00    29.6    51.6  1008.3     3.4     11     0.0     0.0    54.4     3.0
   167   14.00    30.3    50.3  1007.5     3.9      2     0.0     0.0    47.2     3.0
   167   15.00    31.3    45.7  1006.8     3.4      8     0.0     0.0    21.6     3.0
   167   16.00    32.3    42.9  1005.7     2.9    357     0.0     0.0    53.9     3.0
   167   17.00    32.8    43.0  1004.8     2.8     39     0.0     0.0    48.5     3.0
   167   18.00    32.8    43.1  1004.2     3.6    168     0.0     0.0     0.2     4.0
   167   19.00    32.3    49.0  1004.3     3.9    337     0.0     0.0    48.5     3.0
   167   20.00    30.0    55.8  1004.8     2.6    354     0.0     0.0    46.5     5.0
   167   21.00    28.6    61.0  1005.2     1.9    205     0.0     0.0    51.6     5.0
   167   22.00    19.1    94.5  1010.4     3.8    300    12.8    76.4    50.9     5.0
   167   23.00    20.1    88.8  1010.0     4.5     19    14.9     0.0    61.2     5.0
   167   24.00    19.8    90.5  1010.9     2.6    146    15.0     0.0    25.9     6.0
   168    1.00    19.9    91.1  1011.5     3.9    182     0.0     0.0    72.1     5.0
   168    2.00    20.0    90.5  1011.1     3.1    202     0.0     0.0    69.2     5.0
   168    3.00    19.7    91.0  1010.8     1.0    233     0.0     0.0    37.5     6.0
   168    4.00    19.3    92.6  1010.9     2.9    357     0.0     0.0    55.2     5.0
   168    5.00    19.1    92.7  1010.6     3.1    348     0.0     0.0    50.7     3.0
   168    6.00    19.1    92.1  1011.1     1.8    351     0.0     0.0    53.2     3.0
   168    7.00    20.4    90.9  1011.5     1.0     14     0.0     0.0    59.1     3.0
   168    8.00    20.9    84.8  1011.6     1.6    129     0.0     0.0    50.9     3.0
   168    9.00    22.6    76.9  1010.9     2.6    151     0.0     0.0    55.4     2.0
   168   10.00    24.7    66.2  1010.5     1.8    157     0.0     0.0    41.5     1.0
   168   11.00    25.7    60.6  1010.2     1.5    151     0.0     0.0    50.3     1.0
   168   12.00    28.1    52.3  1009.5     2.1     87     0.0     0.0    59.4     1.0
   168   13.00    29.6    51.7  1009.2     2.6     47     0.0     0.0    66.5     2.0
   168   14.00    29.4    51.9  1008.9     3.2    348     0.0     0.0    77.4     3.0
   168   15.00    30.3    49.7  1008.4     3.4    343     0.0     0.0    74.8     3.0
   168   16.00    30.5    47.4  1007.8     3.4    345     0.0     0.0    51.7     3.0
   168   17.00    31.1    43.6  1007.5     2.2     16     0.0     0.0    51.0     2.0
   168   18.00    30.9    42.2  1007.2     3.1    118     0.0     0.0    49.8     3.0
   168   19.00    29.3    47.5  1007.3     4.1     61     0.0     0.0    49.2     3.0
   168   20.00    27.8    52.0  1008.2     4.0     59     0.0     0.0    51.4     5.0
   168   21.00    25.3    60.2  1009.2     4.1    104     0.0     0.0    49.7     5.0
   168   22.00    24.0    64.4  1010.6     4.6    104     0.0     0.0    64.9     5.0
   168   23.00    22.8    67.1  1011.0     4.7    112     0.0     0.0    48.8     5.0
   168   24.00    22.3    67.2  1011.4     5.3    109     0.0     0.0    68.0     5.0
   169    1.00    21.3    72.0  1012.0     5.1     98     0.0     0.0    67.3     5.0
   169    2.00    20.3    74.0  1012.0     5.4     95     0.0     0.0    60.4     5.0
   169    3.00    19.7    76.1  1011.7     4.7     95     0.0     0.0    38.9     5.0
   169    4.00    19.3    79.4  1011.4     4.6     84     0.0     0.0    44.9     5.0
   169    5.00    19.2    81.3  1012.2     3.8     33     0.0     0.0    41.7     3.0
   169    6.00    18.9    81.9  1011.8     4.6     30     0.0     0.0    55.1     3.0
   169    7.00    19.4    79.1  1012.1     5.1     30     0.0     0.0    44.5     3.0
   169    8.00    19.8    77.2  1012.2     4.2     92     0.0     0.0    61.2     3.0
   169    9.00    21.3    71.1  1012.1     4.3     45     0.0     0.0    51.7     3.0
   169   10.00    22.5    66.2  1011.4     4.2     47     0.0     0.0    52.6     3.0
   169   11.00    24.2    60.8  1010.5     4.6     42     0.0     0.0    48.4     3.0
   169   12.00    24.6    56.8  1009.9     5.1     47     0.0     0.0    49.7     3.0
   169   13.00    26.8    52.0  1008.9     5.2     59     0.0     0.0    49.5     3.0
   169   14.00    27.8    47.5  1007.7     4.2     36     0.0     0.0    45.3     3.0
   169   15.00    27.7    47.5  1006.8     3.7     53     0.0     0.0    47.0     3.0
   169   16.00    28.5    46.8  1005.6     4.6    106     0.0     0.0    49.8     3.0
   169   17.00    28.7    46.9  1004.5     5.1     64     0.0     0.0    48.7     3.0
   169   18.00    28.0    47.9  1003.7     4.8     59     0.0     0.0    53.1     3.0
   169   19.00    27.4    51.5  1003.7     3.7     42     0.0     0.0    52.7     3.0
   169   20.00    26.8    53.4  1003.5     3.7     42     0.0     0.0    51.9     5.0
   169   21.00    26.1    54.4  1003.6     3.3     30     0.0     0.0    49.9     5.0
   169   22.00    25.7    55.9  1003.3     4.4     73     0.0     0.0    52.0     5.0
   169   23.00    25.3    57.1  1003.6     3.0    132     0.0     0.0    36.2     5.0
   169   24.00    20.9    77.2  1005.4     4.6    303     1.7     4.4    53.7     5.0
   170    1.00    19.9    86.1  1004.1     4.3     25     0.5     0.0    56.3     5.0
   170    2.00    19.9    82.0  1003.0     3.4     11     0.5     0.0    40.9     5.0
   170    3.00    19.5    84.8  1003.5     1.0    222     0.5     0.0    48.6     5.0
   170    4.00    19.3    87.2  1003.4     1.0     33     0.5     0.0    41.4     6.0
   170    5.00    19.0    86.8  1003.6     2.6     39     0.5     0.0    48.5     3.0
   170    6.00    18.7    81.8  1003.6     2.6     70     0.5     0.0    62.6     3.0
   170    7.00    20.6    77.0  1003.3     1.0    174     0.5     0.4    59.4     2.0
   170    8.00    22.3    71.1  1002.3     2.2     61     0.5     0.0    45.6     3.0
   170    9.00    25.6    61.6  1001.6     2.7      0     0.5     0.0    49.0     3.0
   170   10.00    25.9    58.9  1000.8     3.5     19     0.5     0.0    46.0     2.0
   170   11.00    27.2    52.9  1000.2     5.1     28     0.5     0.0    47.1     3.0
   170   12.00    28.1    48.6  1000.0     4.5     47     0.6     0.0    50.5     3.0
   170   13.00    29.3    46.6   999.7     4.9     19     0.6     0.0    51.7     3.0
   170   14.00    30.0    45.7   999.0     4.9     33     0.6     0.0    49.3     3.0
   170   15.00    28.9    47.2   998.7     2.4    351     0.6     0.0    48.8     2.0
   170   16.00    26.7    61.0   999.5     2.8    303     0.6     0.0    43.0     2.0
   170   17.00    22.3    79.2  1000.7     6.4    106     4.5     0.4    40.9     3.0
   170   18.00    23.4    63.3   999.5     3.9     67     4.6     0.0    42.1     3.0
   170   19.00    24.1    60.7   998.7     4.7     75     4.7     0.0    45.6     3.0
   170   20.00    24.0    70.3   998.8     3.2    143     4.7     0.0    70.5     5.0
   170   21.00    22.7    75.2   998.5     3.8    177     4.7     0.0    38.7     5.0
   170   22.00    23.0    71.7  1000.2     7.9    334     4.7     0.0    45.7     5.0
   170   23.00    21.0    71.8  1000.8     4.6     36     4.7     0.0    54.2     5.0
   170   24.00    17.8    82.4  1003.1     4.1    199    12.2     2.4    68.6     5.0
   171    1.00    18.1    78.3  1000.7     2.9    340     0.1     0.0    45.7     5.0
   171    2.00    18.1    82.3  1001.5     4.9    140     0.1     0.0    66.2     5.0
   171    3.00    17.8    84.2  1001.3     3.5    123     0.1     0.0    45.1     5.0
   171    4.00    18.3    78.5  1000.5     3.0     78     0.1     0.0    42.5     5.0
   171    5.00    18.4    80.0  1000.2     4.3     50     0.2     1.2    63.5     3.0
   171    6.00    18.1    85.3  1000.1     5.2     90     0.3     0.0    50.7     3.0
   171    7.00    18.2    81.8   999.9     6.7     98     0.3     0.0    52.3     3.0
   171    8.00    20.0    73.3  1000.1     2.5    118     0.3     0.0    44.8     2.0
   171    9.00    20.8    70.4  1000.3     4.6    126     0.3     0.0    35.8     3.0
   171   10.00    22.1    64.8   999.9     2.8     87     0.3     0.0    37.6     3.0
   171   11.00    22.7    65.9  1000.1     3.9     50     0.3     0.0    47.6     3.0
   171   12.00    25.1    57.9   999.6     3.5     22     0.3     0.0    51.1     3.0
   171   13.00    25.5    57.3   999.5     4.8     92     0.3     0.0    46.1     3.0
   171   14.00    26.4    53.8   999.1     4.6     11     0.3     0.0    49.4     3.0
   171   15.00    27.2    50.6   998.3     3.7      2     0.3     0.0    51.4     3.0
   171   16.00    27.7    46.0   997.8     5.1     28     0.3     0.0    49.8     3.0
   171   17.00    26.9    45.8   997.8     4.2     28     0.3     0.0    49.1     3.0
   171   18.00    25.2    55.3   998.9     2.4    123     0.3     0.0    38.1     3.0
   171   19.00    22.4    72.0   999.5     3.1    205     0.6     1.6    39.2     3.0
   171   20.00    21.9    81.0  1000.4     2.6    191     1.1     0.0    37.2     5.0
   171   21.00    20.8    84.6  1000.7     1.2    191     1.1     0.0    46.3     6.0
   171   22.00    20.6    85.7  1001.5     2.9    165     1.1     0.0    51.9     5.0
   171   23.00    20.3    87.7  1001.5     1.7    191     1.1     0.0    45.9     5.0
   171   24.00    19.6    88.4  1001.6     3.8    261     1.1     0.0    62.8     6.0
   172    1.00    19.5    89.5  1001.8     1.0     92     0.0     0.0    37.9     5.0
   172    2.00    19.8    90.1  1001.9     1.0    227     0.0     0.0    63.9     5.0
   172    3.00    19.4    89.9  1001.8     2.0    208     0.0     0.0    79.8     5.0
   172    4.00    19.1    90.2  1001.6     1.0    202     0.0     0.0    65.3     5.0
   172    5.00    18.6    90.7  1001.8     1.4     42     0.0     0.0    37.3     2.0
   172    6.00    19.6    90.9  1002.1     1.0     98     0.0     0.0    38.8     1.0
   172    7.00    19.9    90.7  1002.1     1.0     95     0.0     0.0    64.1     3.0
   172    8.00    20.0    90.3  1002.2     1.5     45     0.0     0.0    46.5     1.0
   172    9.00    20.4    89.4  1002.3     1.0    135     0.0     0.0    56.3     1.0
   172   10.00    21.1    87.1  1002.0     1.6     73     0.0     0.0    55.5     2.0
   172   11.00    22.3    81.8  1001.2     3.3     19     0.0     0.0    44.2     3.0
   172   12.00    24.7    71.3   999.9     2.6     19     0.0     0.0    63.8     3.0
   172   13.00    27.6    57.9   998.9     3.2     11     0.3     2.8    58.0     2.0
   172   14.00    28.2    51.1   997.6     4.2     16     0.3     0.0    42.0     3.0
   172   15.00    28.9    47.2   996.6     4.6     25     0.4     0.0    46.3     3.0
   172   16.00    27.9    42.6   995.6     3.8     36     0.4     0.0    51.6     3.0
   172   17.00    26.3    50.5   996.0     8.1    236     0.4     0.4    77.0     2.0
   172   18.00    18.4    86.4   999.5     6.8    222     1.0     0.8    56.1     3.0
   172   19.00    18.2    85.5  1000.1     8.7    258     1.2     1.2    49.0     3.0
   172   20.00    17.8    83.9  1001.6     4.6    278     1.6     2.8    41.6     5.0
   172   21.00    17.5    84.4  1001.4     2.6    222     2.0     2.0    81.7     5.0
   172   22.00    17.1    84.7  1001.7     4.2    199     2.4     0.0    39.9     5.0
   172   23.00    17.0    84.7  1001.2     3.8    247     2.4     0.0    36.4     5.0
   172   24.00    16.9    85.9  1001.4     2.6    177     2.4     0.0    68.4     5.0
   173    1.00    16.7    86.5  1001.5     2.5     95     0.0     0.0    21.5     5.0
   173    2.00    16.4    87.0  1000.9     2.0    151     0.0     0.0    25.9     5.0
   173    3.00    15.9    87.7  1000.8     1.2    180     0.0     0.0    26.2     5.0
   173    4.00    16.1    87.8  1000.7     3.0    185     0.0     0.0    35.1     6.0
   173    5.00    15.6    87.7  1000.5     3.1    185     0.0     0.0    72.5     3.0
   173    6.00    15.9    88.5  1000.6     3.3    157     0.0     0.0    60.0     3.0
   173    7.00    16.3    87.6  1000.9     2.3    194     0.0     0.0    29.4     2.0
   173    8.00    18.2    80.9  1001.2     2.0    289     0.0     0.0    53.5     2.0
   173    9.00    20.4    68.5  1000.4     1.0    270     0.0     0.0    62.2     1.0
   173   10.00    22.3    58.1   999.6     3.1    278     0.0     0.0    47.8     3.0
   173   11.00    23.1    50.4   999.5     4.7    323     0.0     0.0    35.9     3.0
   173   12.00    23.9    48.8   999.5     4.0    286     0.0     0.0    47.7     3.0
   173   13.00    24.7    47.5   999.2     4.2    331     0.7     1.6    40.2     3.0
   173   14.00    25.1    44.8   998.8     4.9    278     1.1     0.0    42.8     3.0
   173   15.00    25.4    44.6   998.3     4.6    267     1.1     0.0    34.8     3.0
   173   16.00    25.9    40.1   998.0     5.1    270     1.1     0.0    51.8     3.0
   173   17.00    26.2    40.1   997.9     5.2    323     1.1     0.0    52.4     3.0
   173   18.00    24.5    44.5   998.2     4.9    298     1.1     0.0    42.1     3.0
   173   19.00    25.0    42.6   998.6     5.2    326     1.1     0.0    40.7     3.0
   173   20.00    24.5    44.3   999.3     6.4    264     1.1     0.0    51.2     5.0
   173   21.00    22.1    53.9  1000.1     5.9    258     1.1     0.0    51.3     5.0
   173   22.00    20.4    60.5  1001.2     4.3    236     1.1     0.0    41.9     5.0
   173   23.00    19.1    66.6  1001.6     4.5    244     1.1     0.4    42.9     5.0
   173   24.00    17.9    73.3  1001.7     4.2    239     1.1     0.0    69.6     5.0
   174    1.00    18.0    72.6  1001.6     5.4    247     0.0     0.0    32.3     5.0
   174    2.00    18.1    72.1  1001.6     5.2    255     0.0     0.0    41.8     5.0
   174    3.00    18.6    72.4  1001.6     4.6    247     0.0     0.0    35.6     5.0
   174    4.00    19.1    66.8  1001.2     5.9    258     0.0     0.0    50.0     5.0
   174    5.00    18.5    67.8  1001.2     5.9    261     0.0     0.0    50.2     3.0
   174    6.00    18.2    68.6  1001.5     5.5    261     0.0     0.0    52.8     3.0
   174    7.00    18.2    69.5  1001.8     6.1    264     0.0     0.0    52.9     3.0
   174    8.00    18.5    71.1  1001.8     5.7    303     0.0     0.0    52.9     3.0
   174    9.00    19.0    71.8  1001.9     6.1    270     0.0     0.0    48.9     3.0
   174   10.00    19.3    72.3  1001.8     5.2    267     0.0     0.0    50.8     3.0
   174   11.00    19.9    70.2  1001.9     6.1    267     0.0     0.0    52.0     3.0
   174   12.00    21.8    63.2  1001.5     6.2    261     0.0     0.0    52.1     3.0
   174   13.00    22.0    61.1  1001.1     7.7    315     0.0     0.0    51.3     3.0
   174   14.00    22.2    62.6  1000.8     6.7    250     0.0     0.0    50.7     3.0
   174   15.00    21.5    66.3  1000.9     5.2    227     0.0     0.0    47.0     3.0
   174   16.00    21.6    71.0  1001.1     7.3    253     1.4     0.4    47.5     3.0
   174   17.00    20.5    74.0  1001.6     7.9    261     1.8     0.8    52.8     3.0
   174   18.00    20.4    66.8  1002.0     9.2    300     1.9     0.0    51.2     3.0
   174   19.00    20.3    60.6  1002.4    10.0    258     2.0     0.0    52.3     3.0
   174   20.00    19.3    59.4  1003.1     9.8    261     2.2     0.2    50.0     5.0
   174   21.00    18.9    57.7  1003.8     9.9    309     2.2     0.0    50.6     5.0
   174   22.00    18.4    56.1  1004.6     9.3    306     2.2     0.0    51.3     4.0
   174   23.00    18.0    53.9  1005.1     7.7    303     2.4     0.0    49.3     5.0
   174   24.00    18.2    52.3  1005.4     7.5    255     2.4     0.0    50.1     5.0
   175    1.00    18.2    52.1  1005.7     6.5    261     0.0     0.0    51.0     5.0
   175    2.00    18.1    53.8  1006.2     5.0    306     0.0     0.0    51.0     5.0
   175    3.00    17.9    55.7  1006.5     3.6    309     0.0     0.0    47.9     5.0
   175    4.00    18.0    52.7  1006.5     1.0    348     0.0     0.0    53.3     6.0
   175    5.00    17.2    65.3  1006.4     2.1    233     0.0     0.0    39.7     3.0
   175    6.00    16.9    68.3  1006.5     2.8    236     0.0     0.0    61.9     3.0
   175    7.00    17.2    68.9  1006.7     2.8    258     0.0     0.0    29.9     3.0
   175    8.00    17.4    72.1  1006.7     3.7    255     0.0     0.0    42.2     3.0
   175    9.00    18.3    53.0  1006.7     6.4    264     0.0     0.0    51.0     3.0
   175   10.00    18.7    51.8  1007.0     5.5    264     0.0     0.0    49.5     3.0
   175   11.00    19.5    50.2  1007.2     5.2    306     0.0     0.0    48.5     3.0
   175   12.00    21.2    45.6  1006.6     3.9    323     0.0     0.0    44.0     3.0
   175   13.00    22.1    43.5  1006.1     2.1    303     0.0     0.0    36.0     2.0
   175   14.00    25.2    37.0  1005.3     2.6    253     0.0     0.0    48.0     1.0
   175   15.00    24.5    37.0  1004.8     2.4    213     0.0     0.0    48.3     1.0
   175   16.00    25.6    35.8  1004.4     4.2    247     0.0     0.0    47.2     3.0
   175   17.00    24.3    39.1  1004.6     2.6    126     0.0     0.0    42.9     2.0
   175   18.00    25.5    35.8  1004.6     4.7    303     0.0     0.0    44.6     2.0
   175   19.00    24.3    39.4  1004.8     5.4    264     0.0     0.0    50.4     3.0
   175   20.00    23.1    41.4  1005.5     5.9    255     0.0     0.0    50.0     5.0
   175   21.00    21.8    41.8  1006.1     6.7    253     0.0     0.0    50.2     5.0
   175   22.00    20.3    43.2  1006.7     7.7    258     0.0     0.0    53.5     5.0
   175   23.00    19.8    45.7  1007.2     7.4    303     0.0     0.0    50.1     5.0
   175   24.00    19.9    45.1  1007.6     7.1    270     0.0     0.0    50.7     4.0
   176    1.00    19.0    49.9  1007.9     5.5    264     0.0     0.0    47.9     5.0
   176    2.00    18.8    51.7  1008.2     4.0    258     0.0     0.0    54.4     5.0
   176    3.00    18.4    52.6  1007.8     5.1    241     0.0     0.0     7.1     5.0
   176    4.00    18.1    52.7  1007.4     4.2    255     0.0     0.0    52.8     5.0
   176    5.00    18.1    53.7  1007.4     3.7    244     1.9    23.2    41.9     3.0
   176    6.00    15.9    66.8  1007.3     3.9    236     3.0     0.0    44.5     3.0
   176    7.00    17.2    65.1  1007.0     3.0    225     3.0     0.0     7.1     4.0
   176    8.00    21.0    53.0  1006.2     6.6    270     3.0     0.0    39.1     3.0
   176    9.00    20.3    48.2  1005.7     5.0    261     3.0     0.0    45.5     3.0
   176   10.00    21.1    46.8  1005.7     5.8    261     3.0     0.0    43.3     3.0
   176   11.00    22.3    45.4  1005.1     6.5    264     3.3     0.0    54.2     3.0
   176   12.00    24.6    40.1  1004.3     6.0    270     3.3     0.0    42.4     3.0
   176   13.00    23.7    38.3  1004.0     6.7    264     3.3     0.0    43.7     3.0
   176   14.00    23.9    36.8  1004.2     5.5    272     3.3     0.0    53.4     3.0
   176   15.00    23.9    37.6  1003.9     7.5    267     3.3     0.0    37.3     3.0
   176   16.00    23.9    38.0  1003.9     7.2    309     3.3     0.0    38.9     3.0
   176   17.00    24.5    37.7  1003.8     9.2    267     3.3     0.0    48.3     3.0
   176   18.00    22.8    40.2  1003.7     9.2    309     3.3     0.0    39.3     3.0
   176   19.00    22.7    40.8  1003.9     9.2    261     3.3     0.0    19.0     3.0
   176   20.00    22.6    41.0  1004.0     7.3    247     3.3     0.0    48.0     5.0
   176   21.00    21.1    46.3  1004.3     4.9    278     3.3     0.0    28.0     5.0
   176   22.00    19.4    53.2  1004.8     5.1    239     3.3     0.0    42.9     5.0
   176   23.00    18.3    59.7  1005.0     5.9    239     3.3     0.0    36.5     5.0
   176   24.00    18.3    60.7  1004.9     7.1    239     3.3     0.0    47.7     5.0
   177    1.00    17.7    59.6  1005.2     6.8    244     0.0     0.0    47.5     5.0
   177    2.00    16.9    61.8  1005.1     6.0    236     0.0     0.0    43.5     5.0
   177    3.00    17.6    60.3  1005.2     7.0    239     0.0     0.0    42.0     5.0
   177    4.00    16.7    64.3  1005.0     4.7    236     0.0     0.0    35.5     5.0
   177    5.00    15.3    70.0  1004.7     5.4    233     0.0     0.0    46.5     3.0
   177    6.00    15.2    71.0  1004.9     6.5    241     0.0     0.0    18.3     3.0
   177    7.00    18.3    63.2  1004.8     6.5    244     0.0     0.0    50.4     3.0
   177    8.00    20.6    49.0  1004.2     9.1    253     0.0     0.0    47.4     3.0
   177    9.00    21.8    46.2  1003.9     9.2    250     0.0     0.0    38.9     3.0
   177   10.00    22.3    44.9  1003.9     8.8    286     0.0     0.0    38.6     3.0
   177   11.00    23.4    44.5  1003.9     9.9    247     0.0     0.0    48.9     3.0
   177   12.00    24.1    44.2  1003.5     9.2    236     0.0     0.0    34.0     3.0
   177   13.00    24.5    42.0  1003.7    10.7    239     0.0     0.0     4.4     4.0
   177   14.00    24.0    40.7  1003.9     7.9    303     0.0     0.0    50.9     3.0
   177   15.00    23.9    40.9  1003.9     8.7    253     0.0     0.0    49.0     3.0
   177   16.00    24.7    38.6  1003.9     9.8    303     0.0     0.0    41.0     4.0
   177   17.00    25.0    37.1  1003.9     8.4    253     0.0     0.0    52.0     3.0
   177   18.00    23.5    41.1  1004.4     5.7    267     0.0     0.0    45.4     3.0
   177   19.00    23.1    42.2  1005.0     6.2    309     0.0     0.0    58.4     3.0
   177   20.00    22.3    43.9  1005.6     7.6    309     0.0     0.0    56.2     5.0
   177   21.00    21.5    45.7  1006.2     6.5    255     0.0     0.0    54.1     5.0
   177   22.00    21.0    47.3  1006.8     4.7    258     0.0     0.0    52.9     5.0
   177   23.00    20.2    52.9  1007.1     3.9    278     0.0     0.0    37.2     5.0
   177   24.00    18.9    65.1  1007.6     3.7    250     0.0     0.0    35.5     5.0
   178    1.00    18.1    67.9  1008.3     4.8    255     0.0     0.0    54.7     5.0
   178    2.00    17.4    74.6  1008.1     4.2    233     0.2     0.0    13.9     5.0
   178    3.00    17.4    77.9  1007.9     3.3    210     0.2     0.0    27.6     5.0
   178    4.00    17.3    81.3  1007.8     4.5    222     0.2     0.0    26.1     5.0
   178    5.00    17.4    82.2  1007.9     4.6    233     4.4     0.0    32.5     3.0
   178    6.00    17.3    84.5  1007.9     2.8    168     4.4     0.0    61.6     3.0
   178    7.00    17.8    84.7  1008.1     3.2    191     4.4     0.0    23.1     3.0
   178    8.00    17.9    83.0  1008.3     3.1    191     4.4     0.0    60.0     3.0
   178    9.00    18.2    81.3  1008.5     2.7    194     4.4     0.0    19.8     3.0
   178   10.00    18.6    79.3  1008.5     3.3    182     4.4     0.0    30.6     3.0
   178   11.00    19.1    79.8  1008.7     3.2    216     4.4     0.0    43.3     3.0
   178   12.00    19.9    80.4  1008.8     3.0    306     4.4     0.0    25.5     3.0
   178   13.00    20.4    75.6  1008.8     3.4    331     4.4     0.0    34.3     3.0
   178   14.00    22.3    66.1  1008.3     3.7    258     4.4     0.0    46.1     3.0
   178   15.00    24.6    56.1  1007.8     1.2    340     4.4     0.0    24.9     2.0
   178   16.00    24.6    56.0  1007.2     3.4    140     4.4     0.0    41.1     3.0
   178   17.00    22.1    70.4  1008.1     2.5    120     4.4     0.0    39.5     3.0
   178   18.00    22.3    72.9  1008.3     2.8    126     4.4     0.0    17.1     4.0
   178   19.00    22.2    71.1  1008.5     1.0    146     4.4     0.0    41.1     3.0
   178   20.00    22.4    70.7  1008.9     2.6    180     4.4     0.0    27.2     5.0
   178   21.00    21.4    76.4  1009.4     2.3    165     4.4     0.0    16.6     5.0
   178   22.00    20.7    79.0  1010.2     1.0    225     4.4     0.0    43.4     6.0
   178   23.00    20.4    80.2  1010.7     1.8    118     4.4     0.0    23.1     6.0
   178   24.00    19.7    82.0  1011.0     1.0    126     4.4     0.0    60.9     6.0
   179    1.00    19.1    83.9  1011.2     1.0    188     0.0     0.0    24.4     6.0
   179    2.00    18.5    85.8  1011.4     1.0    236     0.0     0.0    37.9     6.0
   179    3.00    18.8    86.7  1011.2     2.7    292     0.0     0.0    28.9     6.0
   179    4.00    19.0    88.4  1011.0     1.6    210     0.0     0.0    39.6     6.0
   179    5.00    19.3    88.0  1011.1     2.0    222     0.0     0.0    42.9     4.0
   179    6.00    19.2    88.5  1011.3     2.3    213     0.0     0.0    28.7     3.0
   179    7.00    18.8    88.7  1011.6     1.0    312     0.0     0.0    34.7     3.0
   179    8.00    19.3    88.4  1011.2     2.1    194     0.0     0.0    24.5     3.0
   179    9.00    20.0    86.6  1011.2     2.4    182     0.0     0.0    32.0     3.0
   179   10.00    21.6    75.6  1011.2     4.3    199     0.0     0.0    41.2     3.0
   179   11.00    25.0    58.7  1010.5     3.0    272     0.0     0.0    46.7     3.0
   179   12.00    24.2    64.6  1010.5     2.0    320     0.0     0.0    47.7     2.0
   179   13.00    26.9    48.5  1009.1     1.6    343     0.0     0.0    39.5     2.0
   179   14.00    26.7    50.5  1008.3     1.8      2     0.0     0.0    57.5     3.0
   179   15.00    27.1    44.0  1007.5     2.2     25     0.0     0.0    51.6     3.0
   179   16.00    28.8    41.8  1007.1     3.6    357     0.0     0.0    36.4     3.0
   179   17.00    27.5    41.0  1006.8     4.9    331     0.0     0.0    22.0     3.0
   179   18.00    28.5    40.0  1006.9     4.7    261     0.0     0.0    47.1     3.0
   179   19.00    27.9    40.9  1006.7     4.3    315     0.0     0.0    47.2     3.0
   179   20.00    26.5    41.9  1007.4     5.3    261     0.0     0.0    38.9     5.0
   179   21.00    25.3    49.7  1007.7     5.5    295     0.0     0.0    49.3     5.0
   179   22.00    21.5    73.9  1008.7     3.0    300     0.0     0.0    60.2     5.0
   179   23.00    22.2    70.6  1008.9     2.8    182     0.0     0.0    61.0     5.0
   179   24.00    22.4    67.5  1008.7     4.2    236     0.0     0.0    50.2     5.0
   180    1.00    22.0    65.9  1008.6     6.3    241     0.0     0.0    39.2     5.0
   180    2.00    22.1    64.7  1008.3     5.1    258     0.0     0.0    37.9     5.0
   180    3.00    21.8    68.1  1008.2     4.9    261     0.0     0.0    41.2     5.0
   180    4.00    20.8    76.2  1007.8     5.2    255     0.0     0.0    40.1     5.0
   180    5.00    20.5    80.2  1007.7     4.2    241     0.0     0.0    24.2     6.0
   180    6.00    20.0    84.8  1008.0     3.9    258     0.0     0.0    20.8     3.0
   180    7.00    20.4    85.3  1008.3     3.4    264     0.0     0.0    24.7     3.0
   180    8.00    20.3    87.2  1008.5     1.0    185     0.0     0.0    42.6     3.0
   180    9.00    21.2    88.5  1008.6     2.8    272     0.0     0.0    27.9     3.0
   180   10.00    22.0    82.9  1008.5     3.3    286     0.0     0.0    30.7     3.0
   180   11.00    21.9    81.0  1008.6     3.6    306     0.0     0.0    31.8     3.0
   180   12.00    22.9    73.1  1008.3     3.6    281     0.0     0.0    49.4     3.0
   180   13.00    24.8    64.8  1007.8     3.1    264     0.0     0.0    43.9     3.0
   180   14.00    27.1    49.2  1006.8     1.0    140     0.0     0.0    47.1     1.0
   180   15.00    28.9    45.7  1006.1     3.0    351     0.0     0.0    51.6     3.0
   180   16.00    29.4    42.6  1005.5     2.1     84     0.0     0.0    40.6     2.0
   180   17.00    27.9    44.3  1005.7     3.0    357     0.0     0.0    43.2     3.0
   180   18.00    25.4    61.7  1006.1     5.9    106     0.0     0.0    45.1     3.0
   180   19.00    22.4    73.4  1007.6     4.2    312     0.0     0.0    26.1     3.0
   180   20.00    22.0    78.3  1008.2     2.7    292     0.0     0.0    25.6     6.0
   180   21.00    21.5    81.7  1008.4     3.3    185     0.0     0.0    45.7     5.0
   180   22.00    21.2    84.6  1009.3     2.8    205     0.0     0.0    74.6     6.0
   180   23.00    19.8    84.6  1009.6     2.6    196     0.0     0.0    21.7     6.0
   180   24.00    19.2    85.6  1009.6     2.6    222     0.0     0.0    23.4     5.0
   181    1.00    18.7    85.8  1009.4     1.2     14     0.0     0.0    45.7     6.0
   181    2.00    18.4    85.3  1009.2     3.0    188     0.0     0.0    59.3     5.0
   181    3.00    18.0    86.3  1008.9     2.6    126     0.0     0.0    64.5     6.0
   181    4.00    18.0    86.4  1008.9     3.1    154     0.0     0.0    28.5     6.0
   181    5.00    18.0    86.7  1008.8     2.1    126     0.0     0.0    67.0     6.0
   181    6.00    18.0    85.9  1008.8     2.3    196     0.0     0.0    66.5     3.0
   181    7.00    18.6    85.5  1009.2     2.8    123     0.0     0.0    26.4     3.0
   181    8.00    19.7    81.8  1009.0     2.3    168     0.0     0.0    60.4     3.0
   181    9.00    23.6    67.5  1007.9     2.6    191     0.0     0.0    15.0     4.0
   181   10.00    26.7    57.5  1006.9     3.3    267     0.0     0.0    49.3     3.0
   181   11.00    25.8    62.5  1006.8     2.4    236     0.0     0.0    30.1     3.0
   181   12.00    27.6    54.9  1006.9     3.6    345     0.0     0.0     9.0     4.0
   181   13.00    28.4    45.1  1006.1     3.0    323     0.0     0.0    49.2     3.0
   181   14.00    28.4    48.2  1005.7     2.5    298     0.0     0.0    50.3     2.0
   181   15.00    29.6    44.0  1005.2     2.6    320     0.0     0.0     4.4     3.0
   181   16.00    30.7    40.5  1004.9     2.9    323     0.0     0.0    58.1     3.0
   181   17.00    28.4    44.5  1005.1     4.2    343     0.0     0.0    59.9     3.0
   181   18.00    25.8    61.2  1006.2     2.7    312     0.0     0.0    49.1     3.0
   181   19.00    27.4    53.0  1006.8     3.7    208     0.0     0.0    23.9     3.0
   181   20.00    26.7    55.4  1007.0     2.6    239     0.0     0.0     7.6     5.0
   181   21.00    24.5    63.1  1007.7     2.3    123     0.0     0.0    21.0     6.0
   181   22.00    24.1    67.3  1008.4     2.9    210     0.0     0.0    30.1     6.0
   181   23.00    23.0    74.0  1009.0     2.3    255     0.0     0.0    38.4     6.0
   181   24.00    22.5    79.5  1009.2     1.0    241     0.0     0.0    42.6     6.0
