   day   time   temp    humid  presur    wind   wdir    rain    int     skow     pasq

   213    1.00    26.4    58.6  1003.2     3.2    351     0.0     0.0    47.0     5.0
   213    2.00    24.2    66.8  1003.9     6.7    267     0.0     0.0    52.5     4.0
   213    3.00    22.8    74.3  1004.2     5.7    317     0.1     0.0    45.4     4.0
   213    4.00    22.7    72.3  1004.5     6.2    278     0.1     0.0    47.6     5.0
   213    5.00    21.8    78.8  1004.1     5.2    270     0.1     0.0    44.7     5.0
   213    6.00    21.6    78.9  1004.7     4.3    258     0.1     0.0    78.0     3.0
   213    7.00    21.9    79.6  1004.8     5.4    267     0.1     0.0    43.4     3.0
   213    8.00    23.6    67.2  1005.1     6.1    264     0.1     0.0    51.5     3.0
   213    9.00    24.8    62.3  1005.2     7.6    270     0.1     0.0    51.3     4.0
   213   10.00    24.7    62.5  1005.6     7.3    270     0.1     0.0    50.0     4.0
   213   11.00    25.4    60.3  1005.8     8.8    261     0.1     0.0    50.6     4.0
   213   12.00    26.7    56.6  1005.7     7.4    267     0.1     0.0    48.7     4.0
   213   13.00    28.6    50.1  1005.6     7.1    267     0.1     0.0    50.8     4.0
   213   14.00    29.1    49.0  1005.5     6.7    272     0.1     0.0    47.5     4.0
   213   15.00    28.9    47.7  1005.4     7.3    267     0.1     0.0    51.4     4.0
   213   16.00    29.7    45.7  1004.9     7.6    270     0.1     0.0    51.0     4.0
   213   17.00    30.0    43.6  1004.8     7.6    264     0.1     0.0    52.5     4.0
   213   18.00    29.5    42.0  1004.7     7.0    295     0.1     0.0    51.5     4.0
   213   19.00    28.9    45.0  1004.7     6.9    309     0.1     0.0    50.1     4.0
   213   20.00    27.8    47.3  1005.1     6.7    309     0.1     0.0    52.9     4.0
   213   21.00    25.9    52.6  1005.9     5.4    264     0.1     0.0    52.4     4.0
   213   22.00    24.4    61.3  1006.7     4.9    261     0.1     0.0    43.1     5.0
   213   23.00    23.6    64.3  1006.7     5.9    247     0.1     0.0    40.9     5.0
   213   24.00    23.4    64.1  1006.8     3.0    182     0.1     0.0    42.5     5.0
   214    1.00    22.5    67.3  1006.9     4.4    213     0.0     0.0    36.9     5.0
   214    2.00    21.2    72.5  1006.7     3.3    191     0.0     0.0    59.0     5.0
   214    3.00    21.3    71.8  1006.7     4.2    180     0.0     0.0    30.5     5.0
   214    4.00    21.2    70.4  1006.3     3.4    205     0.0     0.0    50.3     5.0
   214    5.00    20.3    73.7  1006.2     4.0    219     0.0     0.0    38.6     5.0
   214    6.00    19.7    77.3  1006.6     3.1    202     0.0     0.0    39.0     3.0
   214    7.00    20.6    76.5  1006.7     2.8    185     0.0     0.0    42.5     2.0
   214    8.00    22.7    69.7  1006.8     2.2    180     0.0     0.0    62.7     2.0
   214    9.00    26.3    60.5  1006.7     5.3    306     0.0     0.0    51.2     3.0
   214   10.00    27.2    56.7  1006.7     5.0    275     0.0     0.0    46.0     3.0
   214   11.00    28.8    51.2  1006.4     4.3    281     0.0     0.0    42.6     3.0
   214   12.00    30.6    44.4  1005.9     3.7    281     0.0     0.0    45.3     2.0
   214   13.00    31.8    40.0  1005.4     4.2    289     0.0     0.0    45.8     3.0
   214   14.00    32.6    40.9  1004.8     3.7    345     0.0     0.0    49.8     3.0
   214   15.00    33.1    39.3  1004.4     3.8    345     0.0     0.0    46.4     3.0
   214   16.00    33.6    38.1  1004.0     3.7    298     0.0     0.0    62.4     2.0
   214   17.00    34.1    33.4  1003.5     3.8    337     0.0     0.0    56.7     2.0
   214   18.00    34.1    31.9  1003.3     3.5    329     0.0     0.0    52.1     2.0
   214   19.00    33.6    34.1  1003.2     2.6    292     0.0     0.0    33.0     5.0
   214   20.00    31.9    40.3  1003.4     3.3    272     0.0     0.0    45.0     6.0
   214   21.00    29.2    48.8  1003.6     2.6    253     0.0     0.0    11.1     5.0
   214   22.00    27.7    59.8  1003.9     2.4    239     0.0     0.0    27.0     6.0
   214   23.00    26.8    63.0  1003.7     1.9    168     0.0     0.0    46.5     6.0
   214   24.00    25.7    65.5  1003.5     2.1    202     0.0     0.0    55.3     6.0
   215    1.00    24.6    69.8  1003.6     1.4    196     0.0     0.0    64.3     6.0
   215    2.00    24.3    71.2  1003.7     3.6    261     0.0     0.0    56.9     6.0
   215    3.00    23.4    75.1  1003.4     2.4    194     0.0     0.0    49.7     6.0
   215    4.00    23.2    75.3  1003.0     2.6    188     0.0     0.0    63.2     6.0
   215    5.00    22.7    78.0  1002.9     2.1    216     0.0     0.0    53.4     6.0
   215    6.00    22.2    80.0  1002.8     1.6    163     0.0     0.0    68.4     3.0
   215    7.00    22.4    81.3  1002.8     3.1    208     0.0     0.0    50.2     2.0
   215    8.00    23.6    76.4  1002.7     1.4    185     0.0     0.0    73.7     2.0
   215    9.00    26.5    66.6  1002.3     1.0    219     0.0     0.0    56.6     1.0
   215   10.00    29.4    58.1  1001.8     1.8     67     0.0     0.0    71.7     2.0
   215   11.00    32.3    48.5  1001.2     2.0    205     0.0     0.0    69.8     1.0
   215   12.00    34.1    37.2  1000.6     2.0    357     0.0     0.0    71.2     1.0
   215   13.00    34.6    37.3  1000.0     4.2      5     0.0     0.0    65.1     3.0
   215   14.00    35.7    36.6   999.3     4.2     50     0.0     0.0    52.2     2.0
   215   15.00    35.7    36.4   998.8     3.9     16     0.0     0.0    61.2     2.0
   215   16.00    35.7    35.4   998.1     4.8     28     0.0     0.0    62.0     2.0
   215   17.00    35.8    34.6   997.4     4.6     42     0.0     0.0    49.5     3.0
   215   18.00    35.5    33.8   997.1     3.9     16     0.0     0.0    53.7     3.0
   215   19.00    34.6    35.2   997.0     2.9    357     0.0     0.0    51.9     5.0
   215   20.00    32.7    42.3   996.9     3.0     19     0.0     0.0    52.0     6.0
   215   21.00    30.8    47.7   997.2     4.2     56     0.0     0.0    52.0     5.0
   215   22.00    30.4    49.0   997.5     2.5    163     0.0     0.0    68.8     6.0
   215   23.00    28.4    58.0   997.6     3.1    315     0.0     0.0    40.0     6.0
   215   24.00    27.2    61.2   997.5     3.5    233     0.0     0.0    59.9     5.0
   216    1.00    26.1    65.8   997.3     2.3    157     0.0     0.0    69.1     5.0
   216    2.00    26.3    64.9   997.1     2.5    258     0.0     0.0    65.8     5.0
   216    3.00    25.5    68.9   996.7     3.8    303     0.0     0.0    51.0     5.0
   216    4.00    25.3    70.4   996.4     2.1    188     0.0     0.0    40.4     5.0
   216    5.00    24.6    74.5   996.4     3.1    222     0.0     0.0    37.5     5.0
   216    6.00    24.1    76.1   996.4     1.6    213     0.0     0.0    35.6     3.0
   216    7.00    23.9    76.6   996.5     1.9    196     0.0     0.0    67.3     3.0
   216    8.00    26.2    72.8   996.8     3.3    300     0.0     0.0    54.5     3.0
   216    9.00    26.7    65.6   997.5     8.6    303     0.0     0.0    43.9     4.0
   216   10.00    25.9    59.9   997.8     4.8    312     0.0     0.0    41.8     3.0
   216   11.00    26.4    64.1   998.4     5.7    317     0.0     0.0    49.9     3.0
   216   12.00    24.9    67.0   998.6     2.4    247     0.8    10.0    45.1     3.0
   216   13.00    24.1    81.4   998.7     3.4    272     1.7     0.0    47.0     3.0
   216   14.00    26.9    69.8   998.4     3.4    323     1.7     0.0    42.1     2.0
   216   15.00    27.4    61.4   997.9     3.7    292     1.7     0.0    46.6     3.0
   216   16.00    27.7    63.2   997.8     1.9      0     1.7     0.0    49.8     2.0
   216   17.00    28.1    59.0   997.4     1.7     14     1.7     0.0    41.8     1.0
   216   18.00    29.1    52.7   997.7     4.0    244     1.7     0.0    48.2     3.0
   216   19.00    27.8    61.1   996.9     5.3    264     1.7     0.0    52.1     4.0
   216   20.00    26.5    62.8   997.4     3.8    247     1.7     0.0    51.6     5.0
   216   21.00    25.6    66.7   998.1     3.3    194     1.7     0.0    36.7     5.0
   216   22.00    24.6    71.2   998.5     3.2    194     1.7     0.0    39.5     5.0
   216   23.00    24.3    71.9   999.2     4.6    225     1.7     0.0    65.1     5.0
   216   24.00    24.3    70.4   999.1     4.7    236     1.7     0.0    55.7     5.0
   217    1.00    24.1    68.5   998.6     5.7    255     0.0     0.0    49.1     5.0
   217    2.00    23.9    67.5   999.0     2.2    185     0.0     0.0    55.1     6.0
   217    3.00    23.3    71.5   998.6     2.7    233     0.0     0.0    47.2     5.0
   217    4.00    22.6    77.8   998.3     2.6    289     0.0     0.0    57.2     5.0
   217    5.00    22.5    78.6   998.6     3.2    205     0.0     0.0    58.6     5.0
   217    6.00    22.0    80.6   998.6     3.0    213     0.0     0.0    61.2     3.0
   217    7.00    22.1    81.8   999.0     3.1    222     0.0     0.0    30.6     3.0
   217    8.00    22.4    81.8   999.5     2.2    219     0.0     0.0    66.0     3.0
   217    9.00    25.7    65.8   999.6     3.5    255     0.0     0.0    46.1     3.0
   217   10.00    25.9    60.5   999.5     2.9    331     0.0     0.0    44.3     3.0
   217   11.00    28.2    54.0   999.3     3.1    292     0.0     0.0    45.2     3.0
   217   12.00    28.1    55.6   999.2     2.9    331     0.0     0.0    63.0     3.0
   217   13.00    29.3    51.1   999.0     3.9    292     0.0     0.0    53.8     2.0
   217   14.00    29.3    54.4   998.7     3.4    315     0.0     0.0    61.6     1.0
   217   15.00    31.0    48.1   998.5     1.9    281     0.0     0.4    66.9     1.0
   217   16.00    30.6    48.1   998.2     2.6    320     0.0     0.0    64.1     1.0
   217   17.00    31.6    44.8   997.7     2.6    312     0.0     0.0    45.9     2.0
   217   18.00    32.5    42.1   997.0     1.8    233     0.0     0.0    65.0     2.0
   217   19.00    31.7    45.9   997.1     2.4    345     0.0     0.0    64.5     5.0
   217   20.00    30.2    49.9   997.5     2.6     11     0.0     0.0    43.3     5.0
   217   21.00    28.0    65.6   997.6     2.7    309     0.0     0.0    48.5     5.0
   217   22.00    26.8    68.7   998.4     3.3     53     0.0     0.0    69.6     5.0
   217   23.00    26.0    71.2   998.9     3.6    115     0.0     0.0    48.9     6.0
   217   24.00    25.2    72.0   999.0     4.2    180     0.0     0.0    45.3     5.0
   218    1.00    24.1    76.1   999.2     3.0    326     0.0     0.0    49.1     5.0
   218    2.00    23.3    81.0   999.1     2.7    104     0.0     0.0    21.3     5.0
   218    3.00    22.4    82.1   999.0     2.1    126     0.0     0.0    61.3     6.0
   218    4.00    22.0    82.8   998.8     1.9    123     0.0     0.0    74.4     6.0
   218    5.00    21.6    83.2   998.9     2.2    123     0.0     0.0    38.5     6.0
   218    6.00    21.1    83.3   999.2     1.8    101     0.0     0.0    68.9     3.0
   218    7.00    21.7    86.1   999.7     1.8    174     0.0     0.0    52.8     3.0
   218    8.00    22.5    78.0  1000.0     2.6    177     0.0     0.0    53.0     2.0
   218    9.00    25.0    66.3  1000.5     1.9     22     0.0     0.0    37.7     2.0
   218   10.00    27.5    61.8  1000.3     2.9    106     0.0     0.0    52.7     2.0
   218   11.00    30.8    53.7   999.9     2.3     61     0.0     0.0    60.7     1.0
   218   12.00    32.4    45.8   999.6     3.1     19     0.0     0.0    39.2     1.0
   218   13.00    33.1    44.4   998.9     5.3     78     0.0     0.0    43.0     3.0
   218   14.00    34.0    38.9   999.0     5.0     84     0.0     0.0    45.1     3.0
   218   15.00    34.6    37.2   998.2     5.5     56     0.0     0.0    52.6     3.0
   218   16.00    34.1    36.4   997.6     6.7     50     0.0     0.0    47.8     3.0
   218   17.00    34.8    34.7   997.0     6.9     53     0.0     0.0    50.5     4.0
   218   18.00    33.0    37.8   997.1     5.5     56     0.0     0.0    50.8     4.0
   218   19.00    24.7    62.9   999.4    13.0    244     0.0     0.0    47.6     4.0
   218   20.00    23.9    67.4   999.7     6.3    306     0.0     0.0    53.4     4.0
   218   21.00    23.3    74.5  1002.7     6.0    199     1.0    12.0    80.1     4.0
   218   22.00    22.1    88.9  1001.7     4.6    334     3.9     0.0    57.8     5.0
   218   23.00    21.9    89.0  1001.8     5.9     14    13.5    26.8    49.4     5.0
   218   24.00    22.3    89.6  1002.3     3.4    205    13.6     0.0    45.7     5.0
   219    1.00    22.0    90.5  1002.4     3.7    104     0.0     0.4    65.1     5.0
   219    2.00    22.1    90.5  1002.1     2.5    180     0.0     0.0    51.6     6.0
   219    3.00    21.5    90.4  1002.4     3.1    334     0.0     0.0    29.0     5.0
   219    4.00    21.5    91.3  1002.6     3.1    312     0.0     0.0    44.4     5.0
   219    5.00    21.2    91.5  1002.7     1.9    143     0.0     0.0    30.5     5.0
   219    6.00    21.4    91.7  1003.3     2.6    230     0.0     0.0    40.9     3.0
   219    7.01    21.7    92.0  1003.8     2.6    163     0.0     0.0    29.6     2.0
   219    8.00    22.4    91.9  1004.2     3.7    202     0.0     0.0    42.4     3.0
   219    9.00    23.8    87.9  1004.4     4.9    233     0.0     0.0    40.8     3.0
   219   10.00    25.9    71.0  1004.2     4.0    247     0.0     0.0    43.9     3.0
   219   11.00    27.3    61.7  1004.4     4.8    258     0.0     0.0    47.6     3.0
   219   12.00    28.6    55.4  1004.3     4.4    250     0.0     0.0    51.1     2.0
   219   13.00    28.3    58.5  1004.4     4.6    270     0.0     0.0    35.1     3.0
   219   14.00    29.5    52.0  1004.3     4.0    272     0.0     0.0    36.1     3.0
   219   15.00    29.6    52.4  1003.9     3.5    289     0.0     0.0    51.1     3.0
   219   16.00    30.3    47.8  1003.4     3.5    312     0.0     0.0    51.1     3.0
   219   17.00    30.5    43.0  1003.4     2.6    281     0.0     0.0    47.6     3.0
   219   18.00    28.8    48.3  1003.4     1.9    272     0.0     0.0    34.9     3.0
   219   19.00    27.4    67.1  1003.7     2.4    202     0.1     0.0    82.2     6.0
   219   20.00    26.7    70.6  1003.9     2.6    208     0.1     0.0    59.9     6.0
   219   21.00    25.6    73.2  1004.4     4.6    146     0.1     0.0    63.1     5.0
   219   22.01    24.1    78.3  1005.2     4.3    132     0.1     0.0    55.3     5.0
   219   23.00    23.6    76.2  1005.5     4.3    191     0.1     0.0    33.8     6.0
   219   24.00    22.9    76.7  1006.0     5.6    135     0.1     0.0    71.4     5.0
   220    1.00    23.2    74.3  1005.3     3.0    213     0.0     0.0    43.4     5.0
   220    2.00    22.7    77.5  1005.2     2.9    216     0.0     0.0    63.7     5.0
   220    3.00    23.1    77.2  1005.0     3.5    241     0.0     0.0    75.1     5.0
   220    4.00    22.6    82.0  1005.3     4.2    258     0.0     0.0    63.1     5.0
   220    5.00    22.9    70.3  1005.1     5.7    267     0.0     0.0    42.2     5.0
   220    6.00    22.3    72.7  1005.3     4.0    230     0.0     0.0    40.2     3.0
   220    7.00    21.7    77.7  1005.5     2.7    208     0.0     0.0    63.3     3.0
   220    8.00    22.7    74.3  1005.8     4.5    233     0.0     0.0    49.4     3.0
   220    9.00    25.6    57.3  1005.9     5.4    250     0.0     0.4    47.5     3.0
   220   10.00    24.8    58.8  1006.0     5.0    247     0.0     0.0    49.2     3.0
   220   11.00    25.9    54.4  1006.2     6.6    253     0.0     0.0    51.2     3.0
   220   12.00    28.6    49.8  1006.1     5.1    309     0.0     0.0    47.6     3.0
   220   13.00    29.0    44.7  1005.8     6.3    270     0.0     0.0    48.8     4.0
   220   14.00    29.9    41.6  1005.5     6.2    300     0.0     0.0    52.3     4.0
   220   15.00    31.2    40.1  1005.2     5.6    272     0.0     0.0    47.4     3.0
   220   16.00    31.6    37.4  1004.8     5.9    267     0.0     0.0    50.5     3.0
   220   17.00    31.3    37.2  1004.7     7.2    267     0.0     0.0    49.8     4.0
   220   18.00    30.2    38.8  1004.4     7.7    261     0.0     0.0    50.8     4.0
   220   19.00    29.6    38.5  1004.7     7.0    264     0.0     0.0    52.2     4.0
   220   20.00    27.8    43.5  1005.1     5.6    261     0.0     0.0    51.6     4.0
   220   21.00    26.1    47.4  1005.8     5.6    261     0.0     0.0    52.3     5.0
   220   22.00    25.4    50.8  1005.2     8.8    253     0.0     0.0    50.8     4.0
   220   23.00    24.2    56.7  1006.6     5.4    244     0.0     0.0    63.1     5.0
   220   24.00    23.1    59.0  1006.3     3.7    210     0.0     0.0    48.8     5.0
   221    1.00    22.2    65.0  1006.2     4.7    236     0.0     0.0    38.8     5.0
   221    2.00    21.0    70.2  1006.2     5.3    233     0.0     0.0    39.0     5.0
   221    3.00    20.7    69.2  1006.0     4.1    247     0.0     0.0    35.1     5.0
   221    4.00    19.9    70.6  1006.3     3.4    272     0.0     0.0    39.6     5.0
   221    5.00    19.7    70.8  1006.3     3.5    199     0.0     0.0    65.6     6.0
   221    6.00    19.3    71.2  1006.2     2.2    194     0.0     0.0    40.2     2.0
   221    7.00    18.9    74.3  1006.5     1.5    188     0.0     0.0    32.5     1.0
   221    8.00    21.4    64.9  1006.5     2.6    205     0.0     0.0    46.0     3.0
   221    9.00    24.1    50.9  1006.1     7.3    255     0.0     0.0    50.7     3.0
   221   10.00    25.3    47.1  1006.3     6.1    261     0.0     0.0    52.4     3.0
   221   11.00    26.4    46.1  1006.4     5.2    284     0.0     0.0    48.4     3.0
   221   12.00    27.1    45.4  1006.4     5.3    272     0.0     0.0    48.8     4.0
   221   13.00    28.8    45.0  1005.9     5.0    267     0.0     0.0    46.9     3.0
   221   14.00    29.6    44.6  1005.4     4.2    284     0.0     0.0    47.9     3.0
   221   15.00    30.6    42.7  1004.8     4.6    326     0.0     0.0    43.2     3.0
   221   16.00    31.1    40.7  1004.3     4.2    272     0.0     0.0    39.7     3.0
   221   17.00    31.5    39.4  1004.1     4.8    275     0.0     0.0    44.3     3.0
   221   18.00    31.2    38.9  1003.9     3.6    270     0.0     0.0    40.0     3.0
   221   19.00    30.5    39.4  1004.0     4.7    264     0.0     0.0    50.0     5.0
   221   20.00    29.4    40.2  1004.3     4.2    258     0.0     0.0    52.6     5.0
   221   21.00    27.5    45.4  1004.7     4.7    261     0.0     0.0    50.0     5.0
   221   22.00    26.5    47.4  1005.4     5.8    261     0.0     0.0    49.9     5.0
   221   23.00    25.1    51.6  1005.9     5.8    261     0.0     0.0    47.9     5.0
   221   24.00    23.7    58.1  1006.3     6.4    261     0.0     0.0    52.3     5.0
   222    1.00    22.8    60.7  1006.3     3.5    236     0.0     0.0    25.2     5.0
   222    2.00    21.4    68.5  1006.2     3.6    216     0.0     0.0    44.6     5.0
   222    3.00    20.6    71.8  1006.3     2.1    205     0.0     0.0    53.3     5.0
   222    4.00    20.7    70.0  1006.3     3.3    196     0.0     0.0    57.2     5.0
   222    5.00    20.3    70.8  1006.1     3.5    196     0.0     0.0    62.3     5.0
   222    6.00    19.8    71.0  1006.1     3.8    210     0.0     0.0    36.9     3.0
   222    7.00    19.8    71.2  1006.1     3.2    199     0.0     0.0    39.6     3.0
   222    8.00    22.4    62.1  1006.4     2.5    188     0.0     0.0    39.8     3.0
   222    9.00    24.9    54.2  1006.5     5.1    253     0.0     0.0    44.6     3.0
   222   10.00    25.7    46.3  1006.5     5.4    244     0.0     0.0    50.3     3.0
   222   11.00    28.3    42.7  1006.3     4.8    253     0.0     0.0    50.8     3.0
   222   12.00    28.9    43.0  1006.2     3.7    351     0.0     0.0    47.7     2.0
   222   13.00    29.9    43.3  1006.0     3.7      2     0.0     0.0    48.3     3.0
   222   14.00    31.2    39.7  1005.8     4.0    292     0.0     0.0    47.1     3.0
   222   15.00    31.9    36.3  1005.4     4.1    286     0.0     0.0    59.8     3.0
   222   16.00    32.2    36.4  1005.0     4.1    300     0.0     0.0    44.4     3.0
   222   17.00    32.2    35.8  1004.8     4.1    292     0.0     0.0    54.7     3.0
   222   18.00    31.7    36.1  1004.6     3.2    320     0.0     0.0    58.2     2.0
   222   19.00    31.1    38.2  1004.6     2.8      0     0.0     0.0    43.8     5.0
   222   20.00    30.0    41.7  1004.9     2.2      0     0.0     0.0    25.6     5.0
   222   21.00    27.1    55.4  1005.2     1.0     50     0.0     0.0    14.3     6.0
   222   22.00    26.0    55.4  1005.9     2.0    188     0.0     0.0    33.1     6.0
   222   23.00    25.3    60.7  1005.9     3.2    208     0.0     0.0    28.3     5.0
   222   24.00    23.4    69.4  1006.1     5.9    270     0.0     0.0    54.3     5.0
   223    1.00    23.7    62.9  1006.4     3.3    210     0.0     0.0    44.1     5.0
   223    2.00    22.3    69.6  1006.4     2.1    188     0.0     0.0    29.1     5.0
   223    3.00    21.7    71.5  1006.4     1.8    182     0.0     0.0    41.6     6.0
   223    4.00    21.5    70.2  1006.6     2.6    180     0.0     0.0    63.6     6.0
   223    5.00    21.4    66.8  1006.5     2.5    196     0.0     0.0    26.4     6.0
   223    6.00    21.0    66.3  1006.6     3.3    202     0.0     0.0    41.6     3.0
   223    7.00    20.8    71.1  1006.8     1.7    174     0.0     0.0    31.4     3.0
   223    8.00    22.4    67.9  1007.0     2.6    191     0.0     0.0    32.9     2.0
   223    9.00    25.4    56.6  1007.1     2.5    270     0.0     0.0    72.8     2.0
   223   10.00    27.6    47.5  1006.9     2.7    323     0.0     0.0    58.3     3.0
   223   11.00    29.4    42.4  1006.7     3.0    270     0.0     0.0    44.0     3.0
   223   12.00    30.9    39.7  1006.6     3.1    303     0.0     0.0    50.9     3.0
   223   13.00    31.5    39.9  1006.3     3.1    298     0.0     0.0    68.8     2.0
   223   14.00    32.3    38.0  1006.1     4.0    340     0.0     0.0    50.1     3.0
   223   15.00    32.8    37.2  1005.6     3.2    315     0.0     0.0    46.3     2.0
   223   16.00    33.8    34.5  1005.0     3.2      8     0.0     0.0    64.1     2.0
   223   17.00    32.9    37.7  1005.0     3.4      0     0.0     0.0    59.0     3.0
   223   18.00    32.0    39.4  1004.8     3.2    320     0.0     0.0    39.4     3.0
   223   19.00    32.3    38.6  1004.8     2.6    312     0.0     0.0    43.0     5.0
   223   20.00    30.6    41.6  1005.1     3.4    278     0.0     0.0    49.4     5.0
   223   21.00    28.2    51.6  1005.2     4.2    275     0.0     0.0    45.4     5.0
   223   22.00    26.4    65.4  1006.0     4.2    281     0.0     0.0     0.2     5.0
   223   23.00    26.2    66.2  1006.2     3.5    281     0.0     0.0     0.2     5.0
   224    1.00    25.3    70.0  1006.4     1.8    191     0.0     0.0    54.8     5.0
   224    2.00    24.4    72.9  1006.2     3.4    236     0.0     0.0    24.1     5.0
   224    3.00    23.7    76.6  1006.1     1.6    289     0.0     0.0    46.8     5.0
   224    4.00    23.4    76.9  1006.2     1.3    329     0.0     0.0    62.5     6.0
   224    5.00    22.6    80.4  1006.2     1.9    180     0.0     0.0    67.5     6.0
   224    6.00    22.4    82.8  1006.2     1.0    222     0.0     0.0    54.7     2.0
   224    7.00    22.3    83.4  1006.5     1.4    244     0.0     0.0    55.3     3.0
   224    8.00    23.5    78.3  1006.5     1.3    194     0.0     0.0    46.6     3.0
   224    9.00    25.6    68.1  1006.4     1.8    272     0.0     0.0    38.8     1.0
   224   10.00    29.2    57.2  1006.1     1.8     78     0.0     0.0    45.7     1.0
   224   11.00    30.7    52.9  1005.8     2.1    345     0.0     0.0    73.0     1.0
   224   12.00    33.7    43.2  1005.6     3.1    354     0.0     0.0    76.6     1.0
   224   13.00    34.2    43.0  1005.3     3.3     14     0.0     0.0    70.5     2.0
   224   14.00    34.8    39.6  1004.8     3.9      2     0.0     0.0    52.2     2.0
   224   15.00    36.3    35.9  1004.1     3.8      8     0.0     0.0    63.5     3.0
   224   16.00    35.9    35.8  1003.7     5.3     25     0.0     0.0    46.1     3.0
   224   17.00    35.7    34.7  1003.6     5.3     28     0.0     0.0    45.7     3.0
   224   18.00    34.9    35.4  1003.6     3.4     30     0.0     0.0    49.2     3.0
   224   19.00    33.7    36.5  1003.6     3.0     16     0.0     0.0    51.1     6.0
   224   20.00    32.3    42.7  1003.9     3.1     11     0.0     0.0    62.8     5.0
   224   21.00    30.5    43.1  1004.3     2.7     92     0.0     0.0    58.2     6.0
   224   22.00    28.4    55.8  1004.9     2.0     95     0.0     0.0    49.7     6.0
   224   23.00    28.3    55.0  1005.1     2.5     28     0.0     0.0    66.0     5.0
   224   24.00    27.3    58.6  1005.1     3.0     78     0.0     0.0    40.7     5.0
   225    1.00    26.2    62.2  1005.1     1.7    123     0.0     0.0    29.9     6.0
   225    2.00    25.3    67.1  1004.8     1.9    120     0.0     0.0    33.1     5.0
   225    3.00    24.8    67.5  1004.9     2.6     36     0.0     0.0    66.7     6.0
   225    4.00    24.3    75.0  1004.8     1.3    343     0.0     0.0    53.5     6.0
   225    5.00    23.5    79.2  1005.2     3.2    345     0.0     0.0    21.8     5.0
   225    6.00    23.3    80.1  1005.2     1.0    112     0.0     0.0    62.8     1.0
   225    7.00    23.1    80.2  1005.5     2.5    337     0.0     0.0    29.4     2.0
   225    8.00    26.1    72.2  1005.6     2.5     67     0.0     0.0    65.2     2.0
   225    9.00    28.6    58.9  1005.8     2.0    106     0.0     0.0    71.3     3.0
   225   10.00    30.6    52.7  1005.5     2.6    101     0.0     0.0    46.7     2.0
   225   11.00    33.8    45.5  1005.6     2.1      0     0.0     0.0    42.9     2.0
   225   12.00    34.0    45.3  1005.5     3.5      0     0.0     0.0    65.8     2.0
   225   13.00    35.8    38.0  1005.1     4.6    104     0.0     0.0    48.3     2.0
   225   14.00    37.1    32.4  1004.9     5.2     39     0.0     0.0    49.0     2.0
   225   15.00    37.3    34.8  1004.4     4.5    351     0.0     0.0    40.9     3.0
   225   16.00    35.6    36.5  1004.6     4.3     56     0.0     0.0    50.5     3.0
   225   17.00    35.8    36.2  1004.0     4.1     14     0.0     0.0    45.9     3.0
   225   18.00    31.9    40.1  1004.4     4.7    258     0.8     3.2    54.6     3.0
   225   19.00    30.4    59.8  1004.5     9.2    205     0.8     0.0    68.0     5.0
   225   20.00    27.3    56.4  1005.1     2.9    351     4.5     0.0    61.5     6.0
   225   21.00    26.5    69.4  1005.1     3.0     16     4.5     0.0    60.9     6.0
   225   22.00    27.8    51.4  1005.4     2.8     56     4.6     0.0    45.4     5.0
   225   23.00    29.3    43.4  1005.7     2.7    163     4.6     0.0    69.0     5.0
   225   24.00    27.3    56.9  1005.8     3.7    225     4.6     0.0    36.7     5.0
   226    1.00    24.8    69.8  1006.1     3.1    196     0.0     0.0    17.3     5.0
   226    2.00    24.5    73.1  1006.4     3.4    309     0.0     0.0    36.4     5.0
   226    3.00    24.1    72.0  1006.1     2.9      0     0.0     0.0    52.9     6.0
   226    4.00    23.3    78.9  1006.3     2.4    239     0.0     0.0    59.3     5.0
   226    5.00    22.4    84.3  1006.4     2.9    329     0.0     0.0    46.5     5.0
   226    6.00    22.0    85.3  1006.7     1.2    216     0.0     0.0     0.2     3.0
   226    7.00    21.9    85.2  1006.9     2.6    185     0.0     0.0    34.5     2.0
   226    8.00    23.6    77.4  1007.5     1.8    309     0.0     0.0    20.2     2.0
   226    9.00    27.7    61.6  1007.2     1.3     98     0.0     0.0    58.7     2.0
   226   10.00    29.7    55.5  1007.3     1.7     53     0.0     0.0    39.5     2.0
   226   11.00    31.0    54.5  1007.6     2.0    284     0.0     0.0    62.8     1.0
   226   12.00    32.6    44.4  1007.2     3.4     19     0.0     0.0    64.3     2.0
   226   13.00    35.4    37.2  1006.9     4.7      8     0.0     0.0    42.7     3.0
   226   14.00    36.1    36.5  1006.7     4.3     16     0.0     0.0    56.2     2.0
   226   15.00    37.5    32.0  1006.2     4.2      0     0.0     0.0    47.5     3.0
   226   16.00    37.3    29.4  1006.0     5.1     16     0.0     0.0    49.2     3.0
   226   17.00    35.5    30.0  1006.0     3.9     22     0.0     0.0    52.9     3.0
   226   18.00    33.8    33.3  1006.6     3.2     75     0.0     0.0    47.1     3.0
   226   19.00    33.4    31.8  1006.9     4.1     59     0.0     0.0    47.3     5.0
   226   20.00    31.8    33.5  1006.9     4.5     56     0.0     0.0    45.1     5.0
   226   21.00    29.3    39.3  1007.0     3.8     56     0.0     0.0    61.5     6.0
   226   22.00    27.1    52.4  1007.5     3.8     61     0.0     0.0    34.0     6.0
   226   23.00    28.3    42.0  1007.6     1.9     75     0.0     0.0    58.1     5.0
   226   24.00    25.5    57.3  1007.8     3.5     22     0.0     0.0    45.7     5.0
   227    1.00    24.5    64.2  1008.3     2.6     87     0.0     0.0    56.5     5.0
   227    2.00    24.6    61.7  1008.1     3.8     53     0.0     0.0    32.7     6.0
   227    3.00    26.4    55.4  1008.0     3.9     47     0.0     0.0    60.4     6.0
   227    4.00    23.2    68.5  1008.3     2.5    177     0.0     0.0    36.6     5.0
   227    5.00    22.6    71.2  1008.2     1.7    101     0.0     0.0    25.3     6.0
   227    6.00    21.8    76.8  1008.5     2.4      5     0.0     0.0    32.1     3.0
   227    7.00    22.0    79.1  1008.7     2.0    348     0.0     0.0    41.7     3.0
   227    8.00    23.8    68.5  1008.8     2.4     28     0.0     0.0    28.4     3.0
   227    9.00    28.1    55.6  1008.7     2.6     67     0.0     0.0    54.7     3.0
   227   10.00    30.5    50.5  1008.4     1.9     25     0.0     0.0    62.4     2.0
   227   11.00    32.0    46.8  1008.1     2.0     28     0.0     0.0    59.3     1.0
   227   12.00    33.9    41.3  1008.0     2.6      5     0.0     0.0    57.6     1.0
   227   13.00    35.7    35.5  1007.6     3.4     14     0.0     0.0    61.4     2.0
   227   14.00    36.1    30.0  1007.4     3.2      0     0.0     0.0    49.6     2.0
   227   15.00    37.3    26.8  1006.9     4.0     25     0.0     0.0    49.2     2.0
   227   16.00    37.6    25.6  1006.6     4.2     25     0.0     0.0    49.8     3.0
   227   17.00    37.5    23.9  1006.3     3.5      2     0.0     0.0    51.5     3.0
   227   18.00    36.8    23.8  1005.8     3.3    354     0.0     0.0    42.7     3.0
   227   19.00    35.2    25.9  1005.9     2.8     16     0.0     0.0    73.3     6.0
   227   20.00    31.5    40.7  1006.1     2.4    354     0.0     0.0    46.2     5.0
   227   21.00    30.2    36.4  1005.8     3.7     53     0.0     0.0    46.2     5.0
   227   22.00    28.1    45.0  1006.5     3.4    343     0.0     0.0    45.6     6.0
   227   23.00    26.6    49.9  1006.9     3.4    337     0.0     0.0    61.8     5.0
   227   24.00    25.4    57.7  1007.1     1.8    354     0.0     0.0    61.0     6.0
   228    1.00    24.5    61.0  1006.9     2.4    132     0.0     0.0    56.1     5.0
   228    2.00    24.0    61.1  1007.0     2.8    188     0.0     0.0    58.2     5.0
   228    3.00    22.7    68.3  1006.7     1.4     30     0.0     0.0    37.9     5.0
   228    4.00    21.7    71.4  1006.7     2.1    216     0.0     0.0    32.0     5.0
   228    5.00    21.0    74.9  1006.9     1.8     95     0.0     0.0    52.4     6.0
   228    6.00    21.2    73.1  1007.1     2.1      0     0.0     0.0    18.6     3.0
   228    7.00    21.0    70.7  1007.4     2.6    126     0.0     0.0    40.8     3.0
   228    8.00    23.7    63.2  1007.4     2.2     90     0.0     0.0    65.4     3.0
   228    9.00    26.3    56.1  1007.5     2.4    120     0.0     0.0    38.6     3.0
   228   10.00    29.5    47.2  1007.3     1.5    135     0.0     0.0    62.6     1.0
   228   11.00    31.3    45.9  1006.6     3.5     42     0.0     0.0    46.1     2.0
   228   12.00    34.5    35.5  1006.0     4.0     98     0.0     0.0    42.1     3.0
   228   13.00    35.6    30.0  1005.6     4.8     67     0.0     0.0    48.3     3.0
   228   14.00    36.6    29.0  1005.0     5.6     64     0.0     0.0    48.7     3.0
   228   15.00    37.5    22.4  1004.2     5.6     53     0.0     0.0    39.5     3.0
   228   16.00    37.9    19.2  1003.5     5.9    104     0.0     0.0    41.3     3.0
   228   17.00    37.5    19.1  1002.9     5.8     87     0.0     0.0    44.1     3.0
   228   18.00    37.1    19.4  1002.5     5.2     90     0.0     0.0    30.5     3.0
   228   19.00    35.5    21.5  1002.1     5.3     87     0.0     0.0    39.0     5.0
   228   20.00    33.0    26.1  1001.9     5.5     90     0.0     0.0    40.5     5.0
   228   21.00    31.9    27.9  1001.4     5.9    101     0.0     0.0    39.1     5.0
   228   22.00    30.9    31.6  1001.4     5.9    101     0.0     0.0    37.1     5.0
   228   23.00    29.6    36.0  1001.6     4.7    120     0.0     0.0    52.0     5.0
   228   24.00    28.4    42.1  1001.0     4.4    109     0.0     0.0    58.9     5.0
   229    1.00    28.1    41.9  1000.8     5.7    326     0.0     0.4    74.3     5.0
   229    2.00    28.0    42.3  1001.9     3.2    326     0.3     0.0    61.1     5.0
   229    3.00    25.8    56.2  1002.5     1.7    320     0.3     0.0    63.1     6.0
   229    4.00    24.6    60.7  1003.4     6.4    258     0.3     0.0    37.9     5.0
   229    5.00    25.4    58.0  1003.6     3.6    261     0.3     0.0    48.9     5.0
   229    6.00    24.9    59.8  1004.1     7.3    267     0.3     0.0    47.9     3.0
   229    7.00    24.6    60.2  1004.2     5.9    241     0.3     0.0    42.8     3.0
   229    8.00    25.1    60.0  1004.4     3.4    225     0.3     0.0    39.6     3.0
   229    9.00    26.4    55.6  1004.3     5.1    267     0.3     0.0    47.9     3.0
   229   10.00    28.4    47.5  1003.6     5.5    261     0.4     1.2    49.6     3.0
   229   11.00    29.3    43.9  1003.7     5.6    278     0.4     0.0    45.0     3.0
   229   12.00    30.4    37.7  1003.4     6.2    272     0.4     0.0    51.3     3.0
   229   13.00    31.4    29.8  1003.1     6.8    284     0.4     0.0    43.3     3.0
   229   14.00    32.3    28.0  1002.8     6.3    284     0.4     0.0    38.9     3.0
   229   15.00    33.3    22.8  1002.2     5.9    281     0.4     0.0    45.1     3.0
   229   16.00    33.6    22.9  1001.6     6.1    272     0.4     0.0    47.4     3.0
   229   17.00    33.4    22.3  1001.3     5.3    278     0.4     0.0    34.5     3.0
   229   18.00    32.8    21.7  1001.2     5.6    289     0.4     0.0    42.3     3.0
   229   19.00    31.1    26.5  1001.2     5.1    298     0.4     0.0    36.8     5.0
   229   20.00    29.0    29.5  1001.4     3.2    284     0.4     0.0    33.4     5.0
   229   21.00    27.7    32.6  1002.0     3.4    295     0.4     0.0    43.9     5.0
   229   22.00    27.1    32.9  1002.5     3.7    284     0.4     0.0    29.7     6.0
   229   23.00    25.6    35.6  1002.6     3.5    258     0.4     0.0    50.8     5.0
   229   24.00    22.9    46.4  1002.8     4.9    261     0.4     0.0     0.2     5.0
   230    1.00    22.3    45.0  1002.8     4.9    261     0.0     0.0    10.2     5.0
   230    2.00    21.1    52.9  1003.0     3.5    230     0.0     0.0    42.8     6.0
   230    3.00    20.8    52.1  1003.1     3.7    202     0.0     0.0    59.6     6.0
   230    4.00    20.0    57.7  1002.9     3.1    180     0.0     0.0    66.9     6.0
   230    5.00    19.6    60.6  1002.9     2.9    196     0.0     0.0    44.0     5.0
   230    6.00    19.4    62.6  1003.1     2.4    157     0.0     0.0    69.4     3.0
   230    7.00    19.7    62.3  1003.4     2.6    196     0.0     0.0    55.8     2.0
   230    8.00    21.2    60.4  1003.4     2.2    196     0.0     0.0    21.4     3.0
   230    9.00    25.1    47.6  1003.5     4.7    253     0.0     0.0    32.8     3.0
   230   10.00    27.7    35.2  1003.3     6.2    239     0.0     0.0    43.3     3.0
   230   11.00    29.0    31.3  1003.4     7.1    278     0.0     0.0    40.8     3.0
   230   12.00    29.7    32.6  1003.2     5.9    264     0.0     0.0    42.8     3.0
   230   13.00    31.2    29.4  1002.6     7.5    255     0.0     0.0    27.2     3.0
   230   14.00    32.5    28.5  1002.4     7.4    258     0.0     0.0    50.2     3.0
   230   15.00    32.9    28.3  1001.4     7.5    261     0.0     0.0    38.8     3.0
   230   16.00    32.4    28.1  1001.0     5.3    247     0.0     0.0    24.0     3.0
   230   17.00    31.6    29.6  1001.0     4.9    295     0.0     0.0    23.0     3.0
   230   18.00    32.0    28.6  1001.1     3.6    278     0.0     0.0    46.9     3.0
   230   19.00    30.8    30.5  1001.1     3.4    320     0.0     0.0    26.3     5.0
   230   20.00    29.5    31.0  1001.3     2.7    270     0.0     0.0    38.8     6.0
   230   21.00    27.5    36.1  1002.1     3.1    267     0.0     0.0    52.9     6.0
   230   22.00    25.1    45.2  1002.4     3.5    281     0.0     0.0    46.7     6.0
   230   23.00    23.8    53.3  1003.0     4.2    278     0.0     0.0    29.5     6.0
   230   24.00    23.6    53.9  1003.1     4.2    278     0.0     0.0    29.5     6.0
   231    1.00    21.9    61.2  1003.4     3.6    216     0.0     0.0    55.2     5.0
   231    2.00    21.4    61.7  1003.5     3.3    208     0.0     0.0    39.7     5.0
   231    3.00    20.2    65.8  1003.6     2.8    213     0.0     0.0    35.1     5.0
   231    4.00    19.7    67.8  1003.6     3.0    239     0.0     0.0    35.6     6.0
   231    5.00    19.3    69.5  1003.6     2.6    275     0.0     0.0    67.1     6.0
   231    6.00    19.0    70.5  1004.1     2.2    151     0.0     0.0    64.9     3.0
   231    7.00    19.0    72.4  1004.4     1.8    191     0.0     0.0    60.9     3.0
   231    8.00    21.3    65.7  1004.9     1.9    236     0.0     0.0    39.8     2.0
   231    9.00    23.9    54.3  1005.1     1.5    326     0.0     0.0    49.3     2.0
   231   10.00    26.4    42.9  1004.9     2.8    270     0.0     0.0    48.7     1.0
   231   11.00    28.8    40.8  1005.1     3.5    331     0.0     0.0    64.8     3.0
   231   12.00    30.2    37.9  1004.9     2.5    312     0.0     0.0    53.7     1.0
   231   13.00    30.3    38.2  1004.9     5.0    303     0.0     0.0    39.2     3.0
   231   14.00    31.2    30.1  1005.1     5.1    275     0.0     0.0    41.6     3.0
   231   15.00    32.0    27.6  1005.0     5.1    286     0.0     0.0    35.5     3.0
   231   16.00    32.7    28.9  1004.5     6.0    264     0.0     0.0    52.8     3.0
   231   17.00    32.8    26.4  1004.4     5.1    261     0.0     0.0    48.4     3.0
   231   18.00    32.4    27.6  1004.6     5.1    272     0.0     0.0    50.6     3.0
   231   19.00    31.5    27.2  1004.9     3.8    261     0.0     0.0    49.7     5.0
   231   20.00    29.7    30.0  1005.5     2.8    247     0.0     0.0    46.3     5.0
   231   21.00    28.2    32.2  1006.4     5.1    253     0.0     0.0    51.4     5.0
   231   22.00    27.8    34.6  1007.1     7.0    264     0.0     0.0    52.2     5.0
   231   23.00    26.4    38.0  1007.6     6.2    255     0.0     0.0    50.5     4.0
   231   24.00    24.9    41.9  1008.1     5.0    241     0.0     0.0    42.1     5.0
   232    1.00    22.9    50.8  1008.5     6.5    253     0.0     0.0    24.8     5.0
   232    2.00    21.5    57.7  1008.7     5.5    241     0.0     0.0    29.4     5.0
   232    3.00    21.2    58.4  1008.9     4.1    233     0.0     0.0    41.0     5.0
   232    4.00    20.1    62.7  1009.1     7.0    258     0.0     0.0    47.9     5.0
   232    5.00    20.2    62.8  1009.6     5.2    258     0.0     0.0    62.3     5.0
   232    6.00    19.4    66.1  1009.9     4.7    267     0.0     0.0    17.6     3.0
   232    7.00    20.1    64.3  1010.7     1.5    165     0.0     0.0    62.5     2.0
   232    8.00    22.6    56.9  1011.2     2.4    255     0.0     0.0    68.8     2.0
   232    9.00    25.5    44.9  1011.6     6.3    270     0.0     0.0    51.2     3.0
   232   10.00    27.4    40.9  1011.7     4.3    284     0.0     0.0    49.5     3.0
   232   11.00    30.0    32.0  1012.1     3.6    286     0.0     0.0    48.1     3.0
   232   12.00    30.3    32.5  1011.8     3.8    303     0.0     0.0    54.8     3.0
   232   13.00    31.6    29.0  1011.4     3.4    292     0.0     0.0    56.8     2.0
   232   14.00    32.2    29.0  1011.2     4.8    264     0.0     0.0    49.0     2.0
   232   15.00    32.9    26.4  1010.9     5.6    284     0.0     0.0    40.3     3.0
   232   16.00    33.1    23.8  1010.3     8.3    261     0.0     0.0    49.5     3.0
   232   17.00    32.6    22.1  1010.1     6.8    267     0.0     0.0    48.9     3.0
   232   18.00    32.2    21.8  1010.4     6.8    278     0.0     0.0    47.7     3.0
   232   19.00    30.9    23.4  1010.7     6.4    272     0.0     0.0    46.2     5.0
   232   20.00    29.2    25.5  1011.3     5.9    261     0.0     0.0    52.4     5.0
   232   21.00    27.0    29.2  1012.1     5.9    261     0.0     0.0    50.8     5.0
   232   22.00    25.8    32.2  1012.8     5.9    270     0.0     0.0    51.0     5.0
   232   23.00    24.9    34.6  1013.0     5.2    267     0.0     0.0    45.4     5.0
   232   24.00    23.5    38.1  1013.6     5.4    270     0.0     0.0    39.0     5.0
   233    1.00    20.9    49.3  1013.9     5.1    270     0.0     0.0    50.9     5.0
   233    2.00    18.8    59.8  1014.0     3.1    278     0.0     0.0    50.3     6.0
   233    3.00    19.2    58.2  1014.3     2.4    180     0.0     0.0    62.8     5.0
   233    4.00    18.4    61.7  1014.3     2.7    216     0.0     0.0    58.1     6.0
   233    5.00    17.4    66.5  1014.5     2.4    289     0.0     0.0    22.8     6.0
   233    6.00    16.1    72.2  1014.8     3.3    331     0.0     0.0    52.9     2.0
   233    7.00    15.9    75.2  1015.2     3.4    345     0.0     0.0     0.2     4.0
   233    8.00    18.9    60.1  1015.8     2.6    309     0.0     0.0    31.0     2.0
   233    9.00    22.3    48.2  1016.0     3.9    357     0.0     0.0    48.9     3.0
   233   10.00    24.6    39.2  1016.1     6.2     30     0.0     0.0    52.1     3.0
   233   11.00    26.2    36.6  1016.1     5.3    109     0.0     0.0    49.7     3.0
   233   12.00    27.7    33.4  1015.5     5.2     28     0.0     0.0    46.4     2.0
   233   13.00    29.0    32.8  1015.2     5.0     25     0.0     0.0    53.1     3.0
   233   14.00    29.8    31.9  1014.7     4.4     19     0.0     0.0    45.9     3.0
   233   15.00    30.5    29.8  1014.1     5.6     33     0.0     0.0    53.3     3.0
   233   16.00    30.8    28.3  1013.5     3.4    354     0.0     0.0    50.9     2.0
   233   17.00    30.9    27.7  1013.1     4.0     14     0.0     0.0    48.1     3.0
   233   18.00    30.3    27.8  1012.7     4.0     53     0.0     0.0    50.8     3.0
   233   19.00    29.2    29.4  1012.6     4.2     56     0.0     0.0    48.8     5.0
   233   20.00    27.2    32.5  1012.7     3.3     47     0.0     0.0    52.9     5.0
   233   21.00    24.9    37.6  1013.1     3.1     47     0.0     0.0    33.3     6.0
   233   22.00    24.0    39.6  1013.6     2.9     16     0.0     0.0    62.6     6.0
   233   23.00    23.6    46.8  1013.7     2.6     28     0.0     0.0    43.6     5.0
   233   24.00    22.1    44.9  1014.1     2.9    115     0.0     0.0    60.7     5.0
   234    1.00    22.1    41.3  1014.1     2.7    137     0.0     0.0    62.1     5.0
   234    2.00    20.2    47.6  1014.0     2.0    109     0.0     0.0     3.4     5.0
   234    3.00    19.0    54.8  1013.8     1.8     75     0.0     0.0     0.2     6.0
   234    4.00    18.2    68.2  1013.9     4.2      2     0.0     0.0    50.6     5.0
   234    5.00    17.9    72.1  1013.8     4.0    348     0.0     0.0    26.9     5.0
   234    6.00    18.3    63.4  1013.6     2.6    357     0.0     0.0    23.0     3.0
   234    7.00    17.0    68.8  1013.8     3.4    345     0.0     0.0    52.6     3.0
   234    8.00    20.8    54.7  1014.1     3.1     22     0.0     0.0    48.3     3.0
   234    9.00    24.0    44.3  1014.0     2.5     87     0.0     0.0    45.4     3.0
   234   10.00    25.3    45.5  1014.0     5.0      5     0.0     0.0    64.4     3.0
   234   11.00    28.0    31.7  1013.8     5.1     14     0.0     0.0    50.5     3.0
   234   12.00    28.8    29.4  1013.3     5.6     16     0.0     0.0    50.6     3.0
   234   13.00    29.8    27.7  1012.8     5.1     22     0.0     0.0    42.7     2.0
   234   14.00    30.2    25.8  1012.1     5.6     64     0.0     0.0    44.4     3.0
   234   15.00    30.7    25.5  1011.3     4.9     28     0.0     0.0    74.4     3.0
   234   16.00    30.4    25.7  1010.8     5.5     56     0.0     0.0    47.6     3.0
   234   17.00    29.0    26.7  1010.3     5.7     53     0.0     0.0    50.3     3.0
   234   18.00    30.0    25.4  1010.0     4.9     47     0.0     0.0    48.7     3.0
   234   19.00    28.8    26.1  1009.6     3.6     67     0.0     0.0    47.9     5.0
   234   20.00    26.8    29.7  1009.6     3.4     64     0.0     0.0    50.3     6.0
   234   21.00    23.9    34.7  1010.1     3.5     53     0.0     0.0    36.4     6.0
   234   22.00    22.3    42.5  1010.4     2.9     64     0.0     0.0    32.8     6.0
   234   23.00    20.9    49.5  1010.3     2.1    101     0.0     0.0    23.8     5.0
   234   24.00    21.4    40.7  1010.1     2.4    118     0.0     0.0    55.3     5.0
   235    1.00    19.6    48.8  1010.1     3.2    165     0.0     0.0    35.9     5.0
   235    2.00    19.1    47.9  1009.7     3.3    149     0.0     0.0    30.8     6.0
   235    3.00    17.5    55.4  1009.3     2.6    149     0.0     0.0    24.9     6.0
   235    4.00    16.8    58.1  1009.1     1.8    157     0.0     0.0    48.3     6.0
   235    5.00    16.2    59.6  1009.0     1.8    140     0.0     0.0    44.7     6.0
   235    6.00    16.1    60.3  1008.9     2.3    140     0.0     0.0    62.6     3.0
   235    7.00    15.8    61.6  1009.0     2.8    163     0.0     0.0    41.1     3.0
   235    8.00    17.3    59.5  1008.9     1.2     98     0.0     0.0    60.5     2.0
   235    9.00    22.7    45.6  1008.7     1.1    104     0.0     0.0    66.3     1.0
   235   10.00    24.4    45.2  1008.7     2.3    354     0.0     0.0    46.1     1.0
   235   11.00    27.5    38.7  1008.4     2.7      0     0.0     0.0    54.2     1.0
   235   12.00    29.6    28.6  1007.8     3.3      2     0.0     0.0    43.4     1.0
   235   13.00    30.6    26.3  1007.2     6.6     30     0.0     0.0    46.5     3.0
   235   14.00    30.6    25.5  1006.8     5.7     11     0.0     0.0    44.3     3.0
   235   15.00    30.7    25.0  1006.0     6.2     22     0.0     0.0    48.9     3.0
   235   16.00    31.2    24.5  1005.4     5.8     50     0.0     0.0    48.8     3.0
   235   17.00    31.5    23.3  1005.0     5.3     25     0.0     0.0    45.0     3.0
   235   18.00    30.9    22.8  1004.7     4.7     33     0.0     0.0    42.4     3.0
   235   19.00    29.6    25.2  1004.5     3.9     56     0.0     0.0    52.8     5.0
   235   20.00    27.2    28.8  1004.5     4.0     56     0.0     0.0    53.1     6.0
   235   21.00    24.3    32.8  1004.9     4.2     59     0.0     0.0    31.9     6.0
   235   22.00    23.5    34.8  1005.3     2.7    109     0.0     0.0    62.8     5.0
   235   23.00    21.9    37.7  1005.1     3.2    118     0.0     0.0    44.0     5.0
   235   24.00    22.1    34.3  1005.0     2.6    185     0.0     0.0    29.0     5.0
   236    1.00    20.7    36.7  1005.2     3.0    160     0.0     0.0    45.4     5.0
   236    2.00    20.4    36.4  1005.1     3.0    168     0.0     0.0    51.4     5.0
   236    3.00    17.8    47.6  1005.0     2.6    154     0.0     0.0    72.1     5.0
   236    4.00    16.9    51.3  1004.8     3.2    129     0.0     0.0    64.9     5.0
   236    5.00    16.0    56.6  1004.8     1.0    151     0.0     0.0    77.5     6.0
   236    6.00    16.0    57.3  1004.7     2.4    151     0.0     0.0    26.9     3.0
   236    7.00    15.2    61.2  1004.8     2.6    126     0.0     0.0    31.6     3.0
   236    8.00    17.9    54.5  1005.1     1.4    182     0.0     0.0    50.0     3.0
   236    9.00    21.7    45.6  1005.1     1.8     84     0.0     0.0    50.9     2.0
   236   10.00    25.5    39.3  1004.9     2.0     14     0.0     0.0    58.0     1.0
   236   11.00    27.8    38.3  1004.9     3.2    351     0.0     0.0    57.1     3.0
   236   12.00    31.1    30.4  1004.3     3.2     16     0.0     0.0    64.0     2.0
   236   13.00    32.1    24.2  1003.8     4.6     14     0.0     0.0    63.7     3.0
   236   14.00    33.3    22.5  1003.3     3.9    354     0.0     0.0    51.8     2.0
   236   15.00    33.0    20.4  1003.0     3.4     14     0.0     0.0    58.6     2.0
   236   16.00    34.0    19.1  1002.5     4.0    348     0.0     0.0    62.5     3.0
   236   17.00    34.3    18.5  1002.0     3.9    348     0.0     0.0    55.8     3.0
   236   18.00    33.9    18.0  1001.9     2.9    334     0.0     0.0    57.9     3.0
   236   19.00    31.9    20.4  1001.9     2.6    334     0.0     0.0    63.2     5.0
   236   20.00    28.1    31.5  1002.0     2.2      0     0.0     0.0     9.0     5.0
   236   21.00    25.5    34.2  1002.5     2.5    334     0.0     0.0    45.9     6.0
   236   22.00    23.1    45.2  1002.9     2.5    331     0.0     0.0     6.5     5.0
   236   23.00    21.1    52.8  1003.1     3.2    317     0.0     0.0    35.2     5.0
   236   24.00    20.3    49.3  1003.3     1.8    149     0.0     0.0    23.6     5.0
   237    1.00    19.5    46.9  1003.4     1.9    149     0.0     0.0    24.4     5.0
   237    2.00    18.7    47.6  1003.3     2.6    157     0.0     0.0    58.8     6.0
   237    3.00    18.1    49.6  1003.5     1.7    258     0.0     0.0    53.7     5.0
   237    4.00    17.0    56.0  1003.7     1.8    233     0.0     0.0    33.5     5.0
   237    5.00    16.7    57.1  1003.8     1.0    191     0.0     0.0    33.8     5.0
   237    6.00    15.9    61.1  1003.9     2.6    191     0.0     0.0    66.7     3.0
   237    7.00    15.4    63.9  1004.2     1.8    146     0.0     0.0    70.0     3.0
   237    8.00    18.4    59.3  1004.5     1.6      8     0.0     0.0    57.7     3.0
   237    9.00    22.1    52.7  1004.4     2.2    177     0.0     0.0    65.3     2.0
   237   10.00    26.5    42.1  1004.3     2.5    233     0.0     0.0    62.4     2.0
   237   11.00    31.4    34.2  1004.2     2.5    357     0.0     0.0    45.6     2.0
   237   12.00    33.7    28.5  1003.8     4.2    329     0.0     0.0    44.9     2.0
   237   13.00    33.2    32.6  1003.9     5.1    303     0.0     0.0    45.1     3.0
   237   14.00    35.4    29.8  1003.6     6.3    272     0.0     0.0    50.8     3.0
   237   15.00    35.9    25.2  1003.1     6.5    270     0.0     0.0    52.0     3.0
   237   16.00    36.0    24.4  1002.9     7.5    261     0.0     0.0    48.8     3.0
   237   17.00    35.5    24.4  1002.7     8.7    261     0.0     0.0    45.6     3.0
   237   18.00    34.6    26.3  1002.8     7.9    261     0.0     0.0    52.4     3.0
   237   19.00    33.2    27.9  1003.1     6.9    272     0.0     0.0    46.1     5.0
   237   20.00    31.4    28.8  1003.6     5.1    275     0.0     0.0    48.3     5.0
   237   21.00    29.5    33.4  1004.4     6.7    272     0.0     0.0    47.5     5.0
   237   22.00    28.0    38.8  1005.4     5.5    264     0.0     0.0    44.7     4.0
   237   23.00    27.0    40.2  1005.6     6.4    264     0.0     0.0    50.1     5.0
   237   24.00    26.5    42.4  1005.9     6.7    258     0.0     0.0    48.3     5.0
   238    1.00    24.3    50.3  1006.1     6.0    250     0.0     0.0    38.3     5.0
   238    2.00    23.2    53.9  1006.0     4.3    244     0.0     0.0    80.9     5.0
   238    3.00    21.9    57.9  1006.6     3.2    253     0.0     0.0    64.8     5.0
   238    4.00    21.2    59.8  1006.6     4.5    255     0.0     0.0    41.0     5.0
   238    5.00    20.7    59.2  1006.7     4.7    250     0.0     0.0    57.5     5.0
   238    6.00    20.6    58.1  1006.9     4.1    258     0.0     0.0    51.7     2.0
   238    7.00    20.0    59.7  1007.4     1.8    118     0.0     0.0    50.6     3.0
   238    8.00    22.3    52.4  1007.7     2.6    253     0.0     0.0    52.0     3.0
   238    9.00    25.3    38.2  1007.7     6.7    267     0.0     0.0    51.6     3.0
   238   10.00    26.7    35.3  1007.7     7.3    272     0.0     0.0    51.3     3.0
   238   11.00    27.9    34.3  1007.7     6.7    275     0.0     0.0    47.1     3.0
   238   12.00    29.4    30.0  1007.6     5.9    289     0.0     0.0    45.1     3.0
   238   13.00    30.8    27.4  1007.4     6.0    275     0.0     0.0    51.1     3.0
   238   14.00    31.7    29.4  1007.0     5.7    289     0.0     0.0    54.1     3.0
   238   15.00    32.8    29.5  1006.4     5.2    295     0.0     0.0    44.9     2.0
   238   16.00    33.2    30.7  1005.9     4.9    289     0.0     0.0    41.7     3.0
   238   17.00    33.5    29.5  1005.7     4.8    348     0.0     0.0    45.5     3.0
   238   18.00    33.0    29.1  1005.6     2.5    326     0.0     0.0    46.1     2.0
   238   19.00    32.1    29.6  1005.3     3.0    267     0.0     0.0    49.8     5.0
   238   20.00    29.8    34.6  1005.4     4.0    267     0.0     0.0    32.0     5.0
   238   21.00    26.6    35.0  1005.9     4.6    258     0.0     0.0    52.6     5.0
   238   22.00    26.2    31.4  1006.4     4.3    267     0.0     0.0    63.8     5.0
   238   23.00    23.4    39.8  1006.7     4.2    278     0.0     0.0    44.9     5.0
   238   24.00    22.7    41.1  1006.7     5.3    270     0.0     0.0    48.7     5.0
   239    1.00    21.1    46.6  1006.9     2.6    194     0.0     0.0    51.6     6.0
   239    2.00    21.2    44.9  1006.8     3.3    182     0.0     0.0    35.2     5.0
   239    3.00    20.4    48.9  1006.6     3.4    160     0.0     0.0    49.9     6.0
   239    4.00    18.9    55.9  1006.5     4.2    194     0.0     0.0    59.9     5.0
   239    5.00    18.6    57.7  1006.1     2.7    194     0.0     0.0    27.9     6.0
   239    6.00    18.2    60.7  1005.8     3.1    258     0.0     0.0    57.2     2.0
   239    7.00    17.6    64.3  1006.0     1.6    171     0.0     0.0    32.5     2.0
   239    8.00    20.9    52.4  1005.7     1.0    180     0.0     0.0    64.7     1.0
   239    9.00    24.4    44.0  1005.5     2.2    343     0.0     0.0    69.5     2.0
   239   10.00    26.5    41.0  1005.3     1.5    340     0.0     0.0    44.1     1.0
   239   11.00    29.8    35.9  1004.7     2.0     39     0.0     0.0    54.4     1.0
   239   12.00    32.4    27.9  1004.2     2.9     14     0.0     0.0    51.7     1.0
   239   13.00    34.2    21.4  1003.6     3.4      5     0.0     0.0    64.1     2.0
   239   14.00    35.4    20.7  1002.5     2.9     25     0.0     0.0    67.5     2.0
   239   15.00    35.9    20.8  1001.7     4.3     16     0.0     0.0    40.4     3.0
   239   16.00    36.8    21.1  1000.8     3.9      2     0.0     0.0    52.8     2.0
   239   17.00    36.6    20.3  1000.1     4.0    348     0.0     0.0    36.8     3.0
   239   18.00    36.1    20.5   999.8     3.7    348     0.0     0.0    38.9     2.0
   239   19.00    34.5    24.2   999.3     3.4     22     0.0     0.0    46.3     5.0
   239   20.00    31.6    27.9   998.9     3.8     45     0.0     0.0    29.4     5.0
   239   21.00    30.9    26.0   998.8     4.4     70     0.0     0.0    49.3     6.0
   239   22.00    28.2    30.2   999.0     3.0     95     0.0     0.0    63.9     5.0
   239   23.00    28.6    30.3   998.6     4.1    120     0.0     0.0    47.2     5.0
   239   24.00    27.5    32.2   998.1     3.9    126     0.0     0.0    68.7     6.0
   240    1.00    26.1    35.1   997.9     4.5    146     0.0     0.0    53.0     5.0
   240    2.00    24.9    38.1   997.6     3.8    165     0.0     0.0    53.2     5.0
   240    3.00    22.3    47.2   997.5     3.7    284     0.0     0.0    62.8     5.0
   240    4.00    20.7    58.3   997.3     3.4    317     0.0     0.0    41.1     5.0
   240    5.00    20.0    61.4   997.5     3.2    303     0.0     0.0    48.5     5.0
   240    6.00    18.5    66.6   997.5     3.2    225     0.0     0.0    61.0     2.0
   240    7.00    18.9    65.6   997.8     3.3    222     0.0     0.0    64.9     3.0
   240    8.00    20.6    61.0   997.7     2.5    154     0.0     0.0    64.1     3.0
   240    9.00    24.6    50.2   997.4     2.4    202     0.0     0.0    49.8     2.0
   240   10.00    28.8    39.2   997.2     3.4    281     0.0     0.0    53.3     3.0
   240   11.00    29.9    37.2   997.1     3.7    284     0.0     0.0    31.7     2.0
   240   12.00    33.7    31.2   996.4     4.1    264     0.0     0.0    50.1     2.0
   240   13.00    35.4    28.6   995.6     3.6    315     0.0     0.0    62.0     3.0
   240   18.00    37.1    23.5   991.7     3.6    345     0.0     0.0    59.4     3.0
   240   19.00    35.5    27.9   991.6     3.8    320     0.0     0.0    32.4     5.0
   240   20.00    31.8    38.1   991.7     3.4    326     0.0     0.0    47.4     5.0
   240   21.00    31.0    35.8   992.1     3.4    306     0.0     0.0    37.2     6.0
   240   22.00    29.1    40.0   992.2     4.1    300     0.0     0.0    34.6     6.0
   240   23.00    29.8    35.6   993.4     8.1    267     0.0     0.0    51.2     5.0
   240   24.00    27.3    39.9   994.0     7.5    270     0.0     0.0    49.9     4.0
   241    1.00    26.1    42.3   994.9     8.4    275     0.0     0.0    46.7     4.0
   241    2.00    24.3    49.7   996.0    10.0    275     0.0     0.0    49.8     4.0
   241    3.00    23.3    48.3   998.0    10.2    264     0.0     0.0    50.1     4.0
   241    4.00    22.9    47.1   998.8     8.2    264     0.0     0.0    51.7     4.0
   241    5.00    22.2    48.6   998.8     7.4    258     0.0     0.0    49.4     4.0
   241    6.00    21.6    50.4   999.5    10.8    247     0.0     0.0    47.4     3.0
   241    7.00    20.9    50.2  1000.3    11.8    250     0.0     0.0    50.3     4.0
   241    8.00    21.3    45.2  1000.8    13.1    255     0.0     0.0    49.6     4.0
   241    9.00    21.8    41.5  1001.2    13.4    255     0.0     0.0    50.9     4.0
   241   10.00    23.0    37.1  1001.8    13.2    258     0.0     0.0    50.9     4.0
   241   11.00    23.7    36.0  1001.7    11.9    258     0.0     0.0    52.3     4.0
   241   12.00    24.4    34.5  1001.9    13.3    258     0.0     0.0    52.5     4.0
   241   13.00    25.7    32.4  1002.2    11.2    247     0.0     0.0    51.2     4.0
   241   14.00    25.3    30.0  1002.4    10.0    303     0.0     0.0    49.3     4.0
   241   15.00    25.1    30.8  1002.6    11.9    258     0.0     0.0    51.7     4.0
   241   16.00    24.8    30.5  1002.7    11.1    253     0.0     0.0    51.1     4.0
   241   17.00    25.0    29.8  1003.2     9.4    258     0.0     0.0    52.1     4.0
   241   18.00    25.7    29.0  1003.2     9.8    250     0.0     0.0    49.8     4.0
   241   19.00    24.7    29.3  1003.7     8.1    250     0.0     0.0    49.2     4.0
   241   20.00    23.2    31.0  1004.1     6.7    241     0.0     0.0    49.1     5.0
   241   21.00    20.9    35.3  1004.9     3.9    239     0.0     0.0    42.5     5.0
   241   22.00    19.6    38.6  1005.5     5.1    236     0.0     0.0    45.2     5.0
   241   23.00    18.4    43.6  1005.7     4.6    233     0.0     0.0    41.7     5.0
   241   24.00    17.7    47.7  1006.0     3.5    227     0.0     0.0    69.6     5.0
   242    1.00    17.0    51.1  1005.9     4.3    227     0.0     0.0    61.6     5.0
   242    2.00    15.8    55.8  1005.8     3.2    146     0.0     0.0    53.4     5.0
   242    3.00    15.5    56.4  1005.7     2.4    112     0.0     0.0    45.8     6.0
   242    4.00    15.3    56.1  1005.5     3.1    174     0.0     0.0    25.3     5.0
   242    5.00    14.9    56.8  1005.4     3.6    188     0.0     0.0    69.4     5.0
   242    6.00    14.2    59.6  1004.8     2.3    151     0.0     0.0    34.7     6.0
   242    7.00    13.3    62.9  1004.9     2.6    191     0.0     0.0    61.1     2.0
   242    8.00    15.2    61.1  1004.6     1.8    225     0.0     0.0    46.1     2.0
   242    9.00    16.9    60.4  1004.4     2.7     28     0.0     0.0    47.0     3.0
   242   10.00    21.0    42.6  1003.9     2.7      8     0.0     0.0    45.1     3.0
   242   11.00    22.8    36.9  1003.4     3.5     14     0.0     0.0    63.6     2.0
   242   12.00    25.1    31.0  1002.7     4.2     50     0.0     0.0    49.6     2.0
   242   13.00    24.7    30.3  1001.9     4.4     36     0.0     0.0    50.1     3.0
   242   14.00    26.3    28.6  1001.3     5.7     78     0.0     0.0    44.4     3.0
   242   15.00    27.0    27.5  1000.4     6.0     87     0.0     0.0    45.6     3.0
   242   16.00    26.6    30.0   999.6     6.8     78     0.0     0.0    45.5     3.0
   242   17.00    26.2    33.1   998.9     6.7     53     0.0     0.0    50.2     3.0
   242   18.00    25.7    33.8   998.7     6.6     61     0.0     0.0    51.5     4.0
   242   19.00    24.7    35.8   998.0     6.2     45     0.0     0.0    50.7     4.0
   242   20.00    23.3    39.8   997.5     4.7     59     0.0     0.0    51.3     5.0
   242   21.00    22.3    51.5   997.6     4.6     33     0.0     0.0    51.7     4.0
   242   22.00    21.9    54.5   997.1     6.9     47     0.0     0.0    52.7     4.0
   242   23.00    21.3    56.4   996.4     7.4     42     0.0     0.0    50.8     4.0
   242   24.00    20.5    59.4   995.7     7.2     47     0.0     0.0    51.9     4.0
   243    1.00    20.0    61.5   995.6     4.6     95     0.0     0.0    82.2     5.0
   243    2.00    19.3    66.2   994.9     6.6     56     0.0     0.0    66.2     5.0
   243    3.00    19.5    69.6   993.9     5.3     59     0.0     0.0    71.1     5.0
   243    4.00    20.3    68.8   993.5     4.8     53     0.0     0.0    69.0     5.0
   243    5.00    19.9    71.5   992.9     3.4    106     0.0     0.0    35.9     5.0
   243    6.00    18.7    76.7   993.7     8.1    258     0.0     0.0    51.9     4.0
   243    7.00    18.7    79.1   994.4     3.8    289     0.0     0.0    41.9     3.0
   243    8.00    18.1    85.9   995.3     6.2    278     0.8     2.0    54.0     3.0
   243    9.00    17.3    80.6   996.1     6.3    258     1.6     1.6    51.1     3.0
   243   10.00    17.7    75.8   996.6     8.5    261     2.2     0.0    49.3     3.0
   243   11.00    18.3    58.9   997.1    11.3    270     2.2     0.0    53.4     4.0
   243   12.00    19.5    51.3   997.3    10.1    267     2.2     0.0    52.2     4.0
   243   13.00    18.0    59.6   997.8     9.4    264     2.3     0.0    51.9     4.0
   243   14.00    19.5    48.7   998.0    10.0    264     2.3     0.0    51.4     4.0
   243   15.00    18.9    45.3   998.3    11.0    258     2.3     0.0    52.3     4.0
   243   16.00    18.4    42.4   998.0    10.5    258     2.3     0.0    51.8     4.0
   243   17.00    18.2    39.8   998.0     9.4    261     2.3     0.0    51.3     4.0
   243   18.00    19.0    37.7   997.8     8.9    250     2.3     0.0    48.8     4.0
   243   19.00    18.9    37.8   997.4     8.5    244     2.3     0.0    50.3     4.0
   243   20.00    18.7    34.1   998.5     8.4    253     2.3     0.0    51.5     4.0
   243   21.00    17.9    33.6   998.9     6.0    255     2.3     0.0    49.9     4.0
   243   22.00    16.6    42.0   999.1     4.4    230     2.3     0.0    46.5     5.0
   243   23.00    15.1    47.2   999.1     6.5    236     2.3     0.0    42.4     5.0
   243   24.00    13.4    55.3   999.5     5.1    236     2.3     0.0    41.3     5.0
